   0.0000000
   0.0201401
   0.0402803
   0.0604204
   0.0805605
   0.1007006
   0.1208408
   0.1409809
   0.1611210
   0.1812611
   0.2014013
   0.2215414
   0.2416815
   0.2618216
   0.2819618
   0.3021019
   0.3222420
   0.3423821
   0.3625223
   0.3826624
   0.4028025
   0.4229426
   0.4430828
   0.4632229
   0.4833630
   0.5035031
   0.5236433
   0.5437834
   0.5639235
   0.5840636
   0.6042038
   0.6243439
   0.6444840
   0.6646241
   0.6847643
   0.7049044
   0.7250445
   0.7451846
   0.7653248
   0.7854649
   0.8056050
   0.8257452
   0.8458853
   0.8660254
   0.8660254
   0.8864336
   0.9068417
   0.9272499
   0.9476581
   0.9680662
   0.9884744
   1.0088825
   1.0292907
   1.0496989
   1.0701070
   1.0905152
   1.1109234
   1.1313315
   1.1517397
   1.1721479
   1.1925560
   1.2129642
   1.2333723
   1.2537805
   1.2741887
   1.2945968
   1.3150050
   1.3354132
   1.3558213
   1.3762295
   1.3966376
   1.4170458
   1.4374540
   1.4578621
   1.4782703
   1.4986785
   1.5190866
   1.5394948
   1.5599030
   1.5803111
   1.6007193
   1.6211274
   1.6415356
   1.6619438
   1.6823519
   1.7027601
   1.7231683
   1.7435764
   1.7639846
   1.7843928
   1.8048009
   1.8252091
   1.8456172
   1.8660254
   1.8660254
   1.8862285
   1.9064315
   1.9266346
   1.9468376
   1.9670407
   1.9872437
   2.0074468
   2.0276498
   2.0478529
   2.0680559
   2.0882590
   2.1084620
   2.1286651
   2.1488681
   2.1690712
   2.1892742
   2.2094773
   2.2296803
   2.2498834
   2.2700864
   2.2902895
   2.3104925
   2.3306956
   2.3508986
   2.3711017
   2.3913047
   2.4115078
   2.4317108
   2.4519139
   2.4721169
   2.4923200
   2.5125230
   2.5327261
   2.5529291
   2.5731322
   2.5933352
   2.6135383
   2.6337413
   2.6539444
   2.6741474
   2.6943505
   2.7145535
   2.7347566
   2.7549596
   2.7751627
   2.7953657
   2.8155688
   2.8357718
   2.8559749
   2.8761779
   2.8963810
   2.9165841
   2.9367871
   2.9569902
   2.9771932
   2.9973963
   3.0175993
   3.0378024
   3.0580054
   3.0782085
   3.0984115
   3.1186146
   3.1388176
   3.1590207
   3.1792237
   3.1994268
   3.2196298
   3.2398329
   3.2600359
   3.2802390
