  -1.0456842068305752     
 -0.98313926168158872     
 -0.85266029039513880     
 -0.78308003296047013     
 -0.85262892600098028     
 -0.98315706180743156     
  -1.0457349518914285     
 -0.98315706180743156     
 -0.85262892600098028     
 -0.78308003296047013     
 -0.85266029039513880     
 -0.98313926168158872     
 -0.98313926168157728     
 -0.86563102466302255     
 -0.74805998028062426     
 -0.74804657839253963     
 -0.86560867334852676     
 -0.98314383298273667     
  -1.0006764025512469     
 -0.91284872015369989     
 -0.81265796760683795     
 -0.81268001190487460     
 -0.91285104315635579     
  -1.0006472539149069     
 -0.85266029039511404     
 -0.74805998028061593     
 -0.69521785181998863     
 -0.74807766654762087     
 -0.85263420289478831     
 -0.91282838418165801     
 -0.87978489924480963     
 -0.79164503303102141     
 -0.74346003428033569     
 -0.79165419034981999     
 -0.87977905533564127     
 -0.91285104315633236     
 -0.78308003296045159     
 -0.74804657839254041     
 -0.74807766654762753     
 -0.78311317350743803     
 -0.81266245955150840     
 -0.79164757520673956     
 -0.71954560119653099     
 -0.65098660848959078     
 -0.65099862365471706     
 -0.71954397387079827     
 -0.79165419034980067     
 -0.81268001190484696     
 -0.85262892600098006     
 -0.86560867334854752     
 -0.85263420289480374     
 -0.81266245955151084     
 -0.74347200893342791     
 -0.65101985494050996     
 -0.56313307577166971     
 -0.52508852239615167     
 -0.56316195373975553     
 -0.65099862365470895     
 -0.74346003428031737     
 -0.81265796760681974     
 -0.98315706180744999     
 -0.98314383298276109     
 -0.91282838418166445     
 -0.79164757520673334     
 -0.65101985494050862     
 -0.52507974915341415     
 -0.44734663660214535     
 -0.44739022146143870     
 -0.52508852239617432     
 -0.65098660848958345     
 -0.79164503303100142     
 -0.91284872015369145     
  -1.0457349518914516     
  -1.0006764025512549     
 -0.87978489924479653     
 -0.71954560119651767     
 -0.56313307577168570     
 -0.44734663660217389     
 -0.40303476918080400     
 -0.44734663660217389     
 -0.56313307577168570     
 -0.71954560119651767     
 -0.87978489924479664     
  -1.0006764025512549     
 -0.98315706180744999     
 -0.91284872015369145     
 -0.79164503303100142     
 -0.65098660848958345     
 -0.52508852239617432     
 -0.44739022146143870     
 -0.44734663660214535     
 -0.52507974915341415     
 -0.65101985494050862     
 -0.79164757520673334     
 -0.91282838418166445     
 -0.98314383298276109     
 -0.85262892600098006     
 -0.81265796760681974     
 -0.74346003428031737     
 -0.65099862365470895     
 -0.56316195373975564     
 -0.52508852239615167     
 -0.56313307577166971     
 -0.65101985494050996     
 -0.74347200893342791     
 -0.81266245955151084     
 -0.85263420289480374     
 -0.86560867334854752     
 -0.78308003296045159     
 -0.81268001190484696     
 -0.79165419034980067     
 -0.71954397387079827     
 -0.65099862365471706     
 -0.65098660848959078     
 -0.71954560119653099     
 -0.79164757520673967     
 -0.81266245955150840     
 -0.78311317350743803     
 -0.74807766654762753     
 -0.74804657839254030     
 -0.85266029039511404     
 -0.91285104315633236     
 -0.87977905533564127     
 -0.79165419034981999     
 -0.74346003428033569     
 -0.79164503303102152     
 -0.87978489924480963     
 -0.91282838418165801     
 -0.85263420289478831     
 -0.74807766654762087     
 -0.69521785181998863     
 -0.74805998028061593     
 -0.98313926168157728     
  -1.0006472539149069     
 -0.91285104315635579     
 -0.81268001190487460     
 -0.81265796760683795     
 -0.91284872015369989     
  -1.0006764025512469     
 -0.98314383298273667     
 -0.86560867334852676     
 -0.74804657839253963     
 -0.74805998028062437     
 -0.86563102466302255     
 -0.98313926168160426     
 -0.86563102466304598     
 -0.74805998028062692     
 -0.74804657839251898     
 -0.86560867334848279     
 -0.98314383298269981     
  -1.0006764025512409     
 -0.91284872015371987     
 -0.81265796760686004     
 -0.81268001190488248     
 -0.91285104315635535     
  -1.0006472539149172     
 -0.86563102466304365     
 -0.73748122912515357     
 -0.67232557931973391     
 -0.73748733153539603     
 -0.86559939251475093     
 -0.94447014260047690     
 -0.91807012933082688     
 -0.82715169414429945     
 -0.77611255045952432     
 -0.82716456635482216     
 -0.91805762952147107     
 -0.94448441592161192     
 -0.74805998028062981     
 -0.67232557931973647     
 -0.67235888789214160     
 -0.74808119073567048     
 -0.82749563467069309     
 -0.84035667042110873     
 -0.77974613354955313     
 -0.71025136164600200     
 -0.71025862331874134     
 -0.77973523524408106     
 -0.84036126074163198     
 -0.82752731551241021     
 -0.74804657839254007     
 -0.73748733153542312     
 -0.74808119073568757     
 -0.76543983230287216     
 -0.75604121472440944     
 -0.70091700752905550     
 -0.62608071518405173     
 -0.58978328901334576     
 -0.62608844806735198     
 -0.70089545407245224     
 -0.75604641188303967     
 -0.76542626444219175     
 -0.86560867334853597     
 -0.86559939251480733     
 -0.82749563467072396     
 -0.75604121472441577     
 -0.66087286063602857     
 -0.56219757347483457     
 -0.49492928673172965     
 -0.49496883261969687     
 -0.56219853935684194     
 -0.66084479406998720     
 -0.75604305029711871     
 -0.82750572416763468     
 -0.98314383298275110     
 -0.94447014260051487     
 -0.84035667042111595     
 -0.70091700752904518     
 -0.56219757347483357     
 -0.45730802841750001     
 -0.41676784235787906     
 -0.45735797485081409     
 -0.56218577446135820     
 -0.70090385939918165     
 -0.84036943226350946     
 -0.94449217588730638     
  -1.0006764025512545     
 -0.91807012933081700     
 -0.77974613354952593     
 -0.62608071518403074     
 -0.49492928673173875     
 -0.41676784235788111     
 -0.41676388851117063     
 -0.49493285968157041     
 -0.62608680081294577     
 -0.77974301866034790     
 -0.91806583355802984     
  -1.0006754756191740     
 -0.91284872015369756     
 -0.82715169414426015     
 -0.71025136164596314     
 -0.58978328901332011     
 -0.49496883261967950     
 -0.45735797485077390     
 -0.49493285968154749     
 -0.58979043728099512     
 -0.71025959060816124     
 -0.82714341114860657     
 -0.91283630727926934     
 -0.94449217588732082     
 -0.81265796760682152     
 -0.77611255045947891     
 -0.71025862331870049     
 -0.62608844806732022     
 -0.56219853935681219     
 -0.56218577446133133     
 -0.62608680081293977     
 -0.71025959060816435     
 -0.77610722732672754     
 -0.81266840675842822     
 -0.82751241726322866     
 -0.82750572416764401     
 -0.81268001190483785     
 -0.82716456635477742     
 -0.77973523524405142     
 -0.70089545407243525     
 -0.66084479406997276     
 -0.70090385939917677     
 -0.77974301866035534     
 -0.82714341114861645     
 -0.81266840675843410     
 -0.76544664195708112     
 -0.74071183138214225     
 -0.76542626444217743     
 -0.91285104315632148     
 -0.91805762952144854     
 -0.84036126074162387     
 -0.75604641188302935     
 -0.75604305029710417     
 -0.84036943226350225     
 -0.91806583355803328     
 -0.91283630727927634     
 -0.82751241726323377     
 -0.74071183138214591     
 -0.74071346914724534     
 -0.82752731551238123     
  -1.0006472539149076     
 -0.94448441592161125     
 -0.82752731551241021     
 -0.76542626444217854     
 -0.82750572416760670     
 -0.94449217588727685     
  -1.0006754756191620     
 -0.94449217588732581     
 -0.82750572416765966     
 -0.76542626444220008     
 -0.82752731551240033     
 -0.94448441592158805     
 -0.85266029039518176     
 -0.74805998028064624     
 -0.69521785181997342     
 -0.74807766654755459     
 -0.85263420289469560     
 -0.91282838418159651     
 -0.87978489924479986     
 -0.79164503303104361     
 -0.74346003428035679     
 -0.79165419034983242     
 -0.87977905533566869     
 -0.91285104315639165     
 -0.74805998028065868     
 -0.67232557931973691     
 -0.67235888789211495     
 -0.74808119073562429     
 -0.82749563467065235     
 -0.84035667042108786     
 -0.77974613354955236     
 -0.71025136164601022     
 -0.71025862331874989     
 -0.77973523524409616     
 -0.84036126074166095     
 -0.82752731551245051     
 -0.69521785182000051     
 -0.67235888789213050     
 -0.69525447712558308     
 -0.74072080420331865     
 -0.75886400690689859     
 -0.72072258934162359     
 -0.65222534272279686     
 -0.61698569510444967     
 -0.65221781567209269     
 -0.72069630702155452     
 -0.75887718103254176     
 -0.74071346914728664     
 -0.74807766654761532     
 -0.74808119073567436     
 -0.74072080420334119     
 -0.71620898566802293     
 -0.66313805241491763     
 -0.58944397312320962     
 -0.53176968509929035     
 -0.53178670460717270     
 -0.58942864696710251     
 -0.66313394789200630     
 -0.71622856879193086     
 -0.74071183138215635     
 -0.85263420289478231     
 -0.82749563467071474     
 -0.75886400690692146     
 -0.66313805241491608     
 -0.56095398749273495     
 -0.47776386601950682     
 -0.44426711989269491     
 -0.47779998402069190     
 -0.56094118117864511     
 -0.66314818094508843     
 -0.75888228955218673     
 -0.82751241726321223     
 -0.91282838418164824     
 -0.84035667042110818     
 -0.72072258934161160     
 -0.58944397312318642     
 -0.47776386601949872     
 -0.41116593369199128     
 -0.41119817754443805     
 -0.47778345293190388     
 -0.58943832141916153     
 -0.72071975188394632     
 -0.84036332684689963     
 -0.91283630727924781     
 -0.87978489924478898     
 -0.77974613354951916     
 -0.65222534272275190     
 -0.53176968509925127     
 -0.44426711989267481     
 -0.41119817754441840     
 -0.44425732891889286     
 -0.53177111702927793     
 -0.65222413865325624     
 -0.77973753399945755     
 -0.87977775642424960     
 -0.91806583355802296     
 -0.79164503303099754     
 -0.71025136164595670     
 -0.61698569510439349     
 -0.53178670460712119     
 -0.47779998402064849     
 -0.47778345293187202     
 -0.53177111702927038     
 -0.61698228589532844     
 -0.71025077459808517     
 -0.79164033234011877     
 -0.84036332684690862     
 -0.84036943226351213     
 -0.74346003428030438     
 -0.71025862331869349     
 -0.65221781567203674     
 -0.58942864696705544     
 -0.56094118117861036     
 -0.58943832141914432     
 -0.65222413865325546     
 -0.71025077459809038     
 -0.74345801255499044     
 -0.75604430978671422     
 -0.75888228955218140     
 -0.75604305029711005     
 -0.79165419034978302     
 -0.77973523524404897     
 -0.72069630702151322     
 -0.66313394789196645     
 -0.66314818094505357     
 -0.72071975188392812     
 -0.77973753399946089     
 -0.79164033234013353     
 -0.75604430978672399     
 -0.71623202790863261     
 -0.71622856879189711     
 -0.75604641188301125     
 -0.87977905533563983     
 -0.84036126074163264     
 -0.75887718103250534     
 -0.71622856879188357     
 -0.75888228955213732     
 -0.84036332684686899     
 -0.87977775642425027     
 -0.84036332684692694     
 -0.75888228955219994     
 -0.71622856879190944     
 -0.75887718103249602     
 -0.84036126074160533     
 -0.91285104315638155     
 -0.82752731551242997     
 -0.74071346914725067     
 -0.74071183138210217     
 -0.82751241726314029     
 -0.91283630727919640     
 -0.91806583355801830     
 -0.84036943226354088     
 -0.75604305029714736     
 -0.75604641188304600     
 -0.84036126074162520     
 -0.91805762952147263     
 -0.78308003296052875     
 -0.74804657839255129     
 -0.74807766654756935     
 -0.78311317350733256     
 -0.81266245955141303     
 -0.79164757520669315     
 -0.71954560119652911     
 -0.65098660848961221     
 -0.65099862365473937     
 -0.71954397387083291     
 -0.79165419034986784     
 -0.81268001190494310     
 -0.74804657839257294     
 -0.73748733153540214     
 -0.74808119073562507     
 -0.76543983230280621     
 -0.75604121472436780     
 -0.70091700752903985     
 -0.62608071518406316     
 -0.58978328901337274     
 -0.62608844806738262     
 -0.70089545407249609     
 -0.75604641188310062     
 -0.76542626444225748     
 -0.74807766654762087     
 -0.74808119073565593     
 -0.74072080420331354     
 -0.71620898566800284     
 -0.66313805241490498     
 -0.58944397312320873     
 -0.53176968509930822     
 -0.53178670460719479     
 -0.58942864696712538     
 -0.66313394789203373     
 -0.71622856879195962     
 -0.74071183138217989     
 -0.78311317350741660     
 -0.76543983230285684     
 -0.71620898566801783     
 -0.64389895460482161     
 -0.56064679799392170     
 -0.48821927632808826     
 -0.45804474809200069     
 -0.48822979908717329     
 -0.56062914669116781     
 -0.64393024916256403     
 -0.71623202790865914     
 -0.76544664195708045     
 -0.81266245955148708     
 -0.75604121472440211     
 -0.66313805241490709     
 -0.56064679799391082     
 -0.47149937709412598     
 -0.41707776532815061     
 -0.41709794423305557     
 -0.47148545378295115     
 -0.56063128671775342     
 -0.66314194202860033     
 -0.75604430978670789     
 -0.81266840675840279     
 -0.79164757520671136     
 -0.70091700752902764     
 -0.58944397312317443     
 -0.48821927632805134     
 -0.41707776532813534     
 -0.39082019804717461     
 -0.41708887873215017     
 -0.48821766327435268     
 -0.58943565516033658     
 -0.70090083674567294     
 -0.79164033234010001     
 -0.82714341114857992     
 -0.71954560119649824     
 -0.62608071518401509     
 -0.53176968509924505     
 -0.45804474809194784     
 -0.41709794423302515     
 -0.41708887873213618     
 -0.45803958119882149     
 -0.53178058790499905     
 -0.62609199296786400     
 -0.71954304352574405     
 -0.77973753399944556     
 -0.77974301866033013     
 -0.65098660848956580     
 -0.58978328901331123     
 -0.53178670460712441     
 -0.48822979908711850     
 -0.47148545378291773     
 -0.48821766327434196     
 -0.53178058790500193     
 -0.58979164311696597     
 -0.65100045373664595     
 -0.70090083674567571     
 -0.72071975188393944     
 -0.70090385939916700     
 -0.65099862365468819     
 -0.62608844806731956     
 -0.58942864696706498     
 -0.56062914669112107     
 -0.56063128671772156     
 -0.58943565516032470     
 -0.62609199296786944     
 -0.65100045373665449     
 -0.66084232200738313     
 -0.66314194202858878     
 -0.66314818094506522     
 -0.66084479406995844     
 -0.71954397387078783     
 -0.70089545407244425     
 -0.66313394789197788     
 -0.64393024916250863     
 -0.66314194202855314     
 -0.70090083674565129     
 -0.71954304352575027     
 -0.70090083674569270     
 -0.66314194202860077     
 -0.64393024916252362     
 -0.66313394789196045     
 -0.70089545407241838     
 -0.79165419034983819     
 -0.75604641188305488     
 -0.71622856879189967     
 -0.71623202790859009     
 -0.75604430978664316     
 -0.79164033234006759     
 -0.77973753399945100     
 -0.72071975188396498     
 -0.66314818094509020     
 -0.66313394789197533     
 -0.72069630702151122     
 -0.77973523524407029     
 -0.81268001190492589     
 -0.76542626444221851     
 -0.74071183138212282     
 -0.76544664195699763     
 -0.81266840675831975     
 -0.82714341114854151     
 -0.77974301866034346     
 -0.70090385939920385     
 -0.66084479406999586     
 -0.70089545407245057     
 -0.77973523524408672     
 -0.82716456635485414     
 -0.85262892600103790     
 -0.86560867334852232     
 -0.85263420289471470     
 -0.81266245955141603     
 -0.74347200893337140     
 -0.65101985494049552     
 -0.56313307577169991     
 -0.52508852239620496     
 -0.56316195373980327     
 -0.65099862365476735     
 -0.74346003428040275     
 -0.81265796760692000     
 -0.86560867334855096     
 -0.86559939251475682     
 -0.82749563467064990     
 -0.75604121472436336     
 -0.66087286063600259     
 -0.56219757347484378     
 -0.49492928673179071     
 -0.49496883261976232     
 -0.56219853935689679     
 -0.66084479407005037     
 -0.75604305029719387     
 -0.82750572416770096     
 -0.85263420289477476     
 -0.82749563467067710     
 -0.75886400690688771     
 -0.66313805241489443     
 -0.56095398749272340     
 -0.47776386601953280     
 -0.44426711989274870     
 -0.47779998402073764     
 -0.56094118117869196     
 -0.66314818094513439     
 -0.75888228955222825     
 -0.82751241726324087     
 -0.81266245955147920     
 -0.75604121472438957     
 -0.66313805241489854     
 -0.56064679799390205     
 -0.47149937709412376     
 -0.41707776532816565     
 -0.41709794423307633     
 -0.47148545378297546     
 -0.56063128671777884     
 -0.66314194202862009     
 -0.75604430978672321     
 -0.81266840675840979     
 -0.74347200893340082     
 -0.66087286063600437     
 -0.56095398749270664     
 -0.47149937709410494     
 -0.40920354181878599     
 -0.38634866585766225     
 -0.40920475444848170     
 -0.47147445328686505     
 -0.56092870839130138     
 -0.66084232200738025     
 -0.74345801255496846     
 -0.77610722732669601     
 -0.65101985494048720     
 -0.56219757347481236     
 -0.47776386601948034     
 -0.41707776532812901     
 -0.38634866585765187     
 -0.38635474340313047     
 -0.41709077760509594     
 -0.47777958447351621     
 -0.56219353255476379     
 -0.65100045373663562     
 -0.71025077459806440     
 -0.71025959060813793     
 -0.56313307577167804     
 -0.49492928673173830     
 -0.44426711989268464     
 -0.41709794423303892     
 -0.40920475444846560     
 -0.41709077760509744     
 -0.44427123408920643     
 -0.49495524041758715     
 -0.56315936724639992     
 -0.62609199296786122     
 -0.65222413865324769     
 -0.62608680081293544     
 -0.52508852239617565     
 -0.49496883261970037     
 -0.47779998402067936     
 -0.47148545378293866     
 -0.47147445328685017     
 -0.47777958447352353     
 -0.49495524041759786     
 -0.52509572771935598     
 -0.56219353255476989     
 -0.58943565516033924     
 -0.58943832141915586     
 -0.56218577446134976     
 -0.56316195373975553     
 -0.56219853935683584     
 -0.56094118117863900     
 -0.56063128671773688     
 -0.56092870839127462     
 -0.56219353255475957     
 -0.56315936724641047     
 -0.56219353255477844     
 -0.56092870839129794     
 -0.56063128671773332     
 -0.56094118117861180     
 -0.56219853935681563     
 -0.65099862365472327     
 -0.66084479406999552     
 -0.66314818094507577     
 -0.66314194202856180     
 -0.66084232200733761     
 -0.65100045373662274     
 -0.62609199296787010     
 -0.58943565516035479     
 -0.56063128671774309     
 -0.56062914669110842     
 -0.58942864696704844     
 -0.62608844806732677     
 -0.74346003428036900     
 -0.75604305029714203     
 -0.75888228955216375     
 -0.75604430978665260     
 -0.74345801255491728     
 -0.71025077459804853     
 -0.65222413865325946     
 -0.58943832141917307     
 -0.56094118117862357     
 -0.58942864696705799     
 -0.65221781567205839     
 -0.71025862331874701     
 -0.81265796760689879     
 -0.82750572416765800     
 -0.82751241726317271     
 -0.81266840675833019     
 -0.77610722732664406     
 -0.71025959060812860     
 -0.62608680081294887     
 -0.56218577446136098     
 -0.56219853935683639     
 -0.62608844806735342     
 -0.71025862331876199     
 -0.77611255045957017     
 -0.98315706180745532     
 -0.98314383298270913     
 -0.91282838418159351     
 -0.79164757520668716     
 -0.65101985494049452     
 -0.52507974915343658     
 -0.44734663660222423     
 -0.44739022146151813     
 -0.52508852239622705     
 -0.65098660848963952     
 -0.79164503303107026     
 -0.91284872015374852     
 -0.98314383298273034     
 -0.94447014260046280     
 -0.84035667042107343     
 -0.70091700752902708     
 -0.56219757347483579     
 -0.45730802841755269     
 -0.41676784235797126     
 -0.45735797485087837     
 -0.56218577446141049     
 -0.70090385939923383     
 -0.84036943226355676     
 -0.94449217588733103     
 -0.91282838418162537     
 -0.84035667042108264     
 -0.72072258934159983     
 -0.58944397312318131     
 -0.47776386601951010     
 -0.41116593369203752     
 -0.41119817754449056     
 -0.47778345293195157     
 -0.58943832141920660     
 -0.72071975188397763     
 -0.84036332684691917     
 -0.91283630727924936     
 -0.79164757520670415     
 -0.70091700752902630     
 -0.58944397312317287     
 -0.48821927632804635     
 -0.41707776532813667     
 -0.39082019804719120     
 -0.41708887873218076     
 -0.48821766327438848     
 -0.58943565516036345     
 -0.70090083674568593     
 -0.79164033234010456     
 -0.82714341114857592     
 -0.65101985494048831     
 -0.56219757347481036     
 -0.47776386601947313     
 -0.41707776532811947     
 -0.38634866585764749     
 -0.38635474340313802     
 -0.41709077760510949     
 -0.47777958447352914     
 -0.56219353255477256     
 -0.65100045373663962     
 -0.71025077459806518     
 -0.71025959060813837     
 -0.52507974915342459     
 -0.45730802841750928     
 -0.41116593369199800     
 -0.39082019804718399     
 -0.38635474340313991     
 -0.39083398215381815     
 -0.41119031041302972     
 -0.45733792115633570     
 -0.52509572771934854     
 -0.58979164311696008     
 -0.61698228589532433     
 -0.58979043728099767     
 -0.44734663660222607     
 -0.41676784235794051     
 -0.41119817754447385     
 -0.41708887873217526     
 -0.41709077760511670     
 -0.41119031041304460     
 -0.41675068881323668     
 -0.44735343013052559     
 -0.49495524041759287     
 -0.53178058790501281     
 -0.53177111702929891     
 -0.49493285968160700     
 -0.44739022146149504     
 -0.45735797485084051     
 -0.47778345293192553     
 -0.48821766327437388     
 -0.47777958447353336     
 -0.45733792115634969     
 -0.44735343013053286     
 -0.45733792115634564     
 -0.47777958447353114     
 -0.48821766327436739     
 -0.47778345293191971     
 -0.45735797485084645     
 -0.52508852239617687     
 -0.56218577446136464     
 -0.58943832141916941     
 -0.58943565516033514     
 -0.56219353255475824     
 -0.52509572771934632     
 -0.49495524041759287     
 -0.47777958447353158     
 -0.47147445328685400     
 -0.47148545378292078     
 -0.47779998402066226     
 -0.49496883261969393     
 -0.65098660848959966     
 -0.70090385939919031     
 -0.72071975188393356     
 -0.70090083674564685     
 -0.65100045373661719     
 -0.58979164311695309     
 -0.53178058790501193     
 -0.48821766327436511     
 -0.47148545378291740     
 -0.48822979908710396     
 -0.53178670460712629     
 -0.58978328901333221     
 -0.79164503303104161     
 -0.84036943226351735     
 -0.84036332684687232     
 -0.79164033234006415     
 -0.71025077459804598     
 -0.61698228589532111     
 -0.53177111702929192     
 -0.47778345293189883     
 -0.47779998402065865     
 -0.53178670460713806     
 -0.61698569510442769     
 -0.71025136164600822     
 -0.91284872015373264     
 -0.94449217588729717     
 -0.91283630727920273     
 -0.82714341114853995     
 -0.71025959060812860     
 -0.58979043728099734     
 -0.49493285968158401     
 -0.45735797485082530     
 -0.49496883261971975     
 -0.58978328901336308     
 -0.71025136164602265     
 -0.82715169414432910     
  -1.0457349518914241     
  -1.0006764025512362     
 -0.87978489924479697     
 -0.71954560119653421     
 -0.56313307577171268     
 -0.44734663660223184     
 -0.40303476918090014     
 -0.44734663660223184     
 -0.56313307577171268     
 -0.71954560119653421     
 -0.87978489924479697     
  -1.0006764025512362     
  -1.0006764025512367     
 -0.91807012933082111     
 -0.77974613354954592     
 -0.62608071518405384     
 -0.49492928673177272     
 -0.41676784235794595     
 -0.41676388851123575     
 -0.49493285968160428     
 -0.62608680081296431     
 -0.77974301866034545     
 -0.91806583355800842     
  -1.0006754756191478     
 -0.87978489924479131     
 -0.77974613354953959     
 -0.65222534272277288     
 -0.53176968509926881     
 -0.44426711989269435     
 -0.41119817754445032     
 -0.44425732891892927     
 -0.53177111702930402     
 -0.65222413865326367     
 -0.77973753399944146     
 -0.87977775642422618     
 -0.91806583355800675     
 -0.71954560119651434     
 -0.62608071518403041     
 -0.53176968509925049     
 -0.45804474809194368     
 -0.41709794423302077     
 -0.41708887873215500     
 -0.45803958119884780     
 -0.53178058790501304     
 -0.62609199296786300     
 -0.71954304352573117     
 -0.77973753399943413     
 -0.77974301866033213     
 -0.56313307577167848     
 -0.49492928673172776     
 -0.44426711989267087     
 -0.41709794423302304     
 -0.40920475444846260     
 -0.41709077760510638     
 -0.44427123408920943     
 -0.49495524041758732     
 -0.56315936724640048     
 -0.62609199296785945     
 -0.65222413865325124     
 -0.62608680081294343     
 -0.44734663660221002     
 -0.41676784235793218     
 -0.41119817754447063     
 -0.41708887873217199     
 -0.41709077760511482     
 -0.41119031041303922     
 -0.41675068881323024     
 -0.44735343013052609     
 -0.49495524041759698     
 -0.53178058790501659     
 -0.53177111702930113     
 -0.49493285968160006     
 -0.40303476918090642     
 -0.41676388851126112     
 -0.44425732891895375     
 -0.45803958119885946     
 -0.44427123408922575     
 -0.41675068881323973     
 -0.40299353514188785     
 -0.41675068881323973     
 -0.44427123408922575     
 -0.45803958119885946     
 -0.44425732891895381     
 -0.41676388851126106     
 -0.44734663660221002     
 -0.49493285968160006     
 -0.53177111702930113     
 -0.53178058790501659     
 -0.49495524041759698     
 -0.44735343013052609     
 -0.41675068881323024     
 -0.41119031041303922     
 -0.41709077760511487     
 -0.41708887873217199     
 -0.41119817754447052     
 -0.41676784235793218     
 -0.56313307577167848     
 -0.62608680081294343     
 -0.65222413865325113     
 -0.62609199296785945     
 -0.56315936724640048     
 -0.49495524041758732     
 -0.44427123408920943     
 -0.41709077760510638     
 -0.40920475444846260     
 -0.41709794423302304     
 -0.44426711989267093     
 -0.49492928673172776     
 -0.71954560119651434     
 -0.77974301866033213     
 -0.77973753399943413     
 -0.71954304352573117     
 -0.62609199296786300     
 -0.53178058790501304     
 -0.45803958119884780     
 -0.41708887873215500     
 -0.41709794423302077     
 -0.45804474809194368     
 -0.53176968509925049     
 -0.62608071518403041     
 -0.87978489924479131     
 -0.91806583355800675     
 -0.87977775642422618     
 -0.77973753399944146     
 -0.65222413865326367     
 -0.53177111702930402     
 -0.44425732891892927     
 -0.41119817754445032     
 -0.44426711989269435     
 -0.53176968509926881     
 -0.65222534272277288     
 -0.77974613354953959     
  -1.0006764025512367     
  -1.0006754756191478     
 -0.91806583355800842     
 -0.77974301866034557     
 -0.62608680081296431     
 -0.49493285968160439     
 -0.41676388851123575     
 -0.41676784235794595     
 -0.49492928673177272     
 -0.62608071518405384     
 -0.77974613354954603     
 -0.91807012933082111     
 -0.98315706180745532     
 -0.91284872015374852     
 -0.79164503303107026     
 -0.65098660848963952     
 -0.52508852239622705     
 -0.44739022146151808     
 -0.44734663660222423     
 -0.52507974915343669     
 -0.65101985494049452     
 -0.79164757520668716     
 -0.91282838418159351     
 -0.98314383298270913     
 -0.91284872015373264     
 -0.82715169414432910     
 -0.71025136164602265     
 -0.58978328901336308     
 -0.49496883261971975     
 -0.45735797485082530     
 -0.49493285968158401     
 -0.58979043728099734     
 -0.71025959060812860     
 -0.82714341114853995     
 -0.91283630727920273     
 -0.94449217588729717     
 -0.79164503303104172     
 -0.71025136164600822     
 -0.61698569510442769     
 -0.53178670460713806     
 -0.47779998402065865     
 -0.47778345293189894     
 -0.53177111702929192     
 -0.61698228589532111     
 -0.71025077459804598     
 -0.79164033234006415     
 -0.84036332684687232     
 -0.84036943226351735     
 -0.65098660848959966     
 -0.58978328901333221     
 -0.53178670460712629     
 -0.48822979908710396     
 -0.47148545378291740     
 -0.48821766327436511     
 -0.53178058790501193     
 -0.58979164311695309     
 -0.65100045373661719     
 -0.70090083674564685     
 -0.72071975188393345     
 -0.70090385939919031     
 -0.52508852239617687     
 -0.49496883261969393     
 -0.47779998402066226     
 -0.47148545378292084     
 -0.47147445328685400     
 -0.47777958447353153     
 -0.49495524041759287     
 -0.52509572771934632     
 -0.56219353255475824     
 -0.58943565516033514     
 -0.58943832141916941     
 -0.56218577446136464     
 -0.44739022146149504     
 -0.45735797485084650     
 -0.47778345293191976     
 -0.48821766327436739     
 -0.47777958447353114     
 -0.45733792115634564     
 -0.44735343013053286     
 -0.45733792115634969     
 -0.47777958447353336     
 -0.48821766327437388     
 -0.47778345293192553     
 -0.45735797485084051     
 -0.44734663660222607     
 -0.49493285968160700     
 -0.53177111702929891     
 -0.53178058790501281     
 -0.49495524041759287     
 -0.44735343013052559     
 -0.41675068881323668     
 -0.41119031041304460     
 -0.41709077760511670     
 -0.41708887873217521     
 -0.41119817754447385     
 -0.41676784235794051     
 -0.52507974915342459     
 -0.58979043728099789     
 -0.61698228589532433     
 -0.58979164311695997     
 -0.52509572771934854     
 -0.45733792115633570     
 -0.41119031041302972     
 -0.39083398215381815     
 -0.38635474340313991     
 -0.39082019804718399     
 -0.41116593369199805     
 -0.45730802841750934     
 -0.65101985494048831     
 -0.71025959060813837     
 -0.71025077459806518     
 -0.65100045373663962     
 -0.56219353255477256     
 -0.47777958447352914     
 -0.41709077760510949     
 -0.38635474340313802     
 -0.38634866585764749     
 -0.41707776532811947     
 -0.47776386601947313     
 -0.56219757347481047     
 -0.79164757520670415     
 -0.82714341114857592     
 -0.79164033234010456     
 -0.70090083674568593     
 -0.58943565516036345     
 -0.48821766327438842     
 -0.41708887873218076     
 -0.39082019804719120     
 -0.41707776532813667     
 -0.48821927632804635     
 -0.58944397312317287     
 -0.70091700752902630     
 -0.91282838418162537     
 -0.91283630727924936     
 -0.84036332684691917     
 -0.72071975188397763     
 -0.58943832141920660     
 -0.47778345293195157     
 -0.41119817754449062     
 -0.41116593369203752     
 -0.47776386601951010     
 -0.58944397312318131     
 -0.72072258934159983     
 -0.84035667042108264     
 -0.98314383298273034     
 -0.94449217588733092     
 -0.84036943226355676     
 -0.70090385939923383     
 -0.56218577446141049     
 -0.45735797485087837     
 -0.41676784235797126     
 -0.45730802841755269     
 -0.56219757347483579     
 -0.70091700752902708     
 -0.84035667042107343     
 -0.94447014260046280     
 -0.85262892600103790     
 -0.81265796760691988     
 -0.74346003428040275     
 -0.65099862365476735     
 -0.56316195373980327     
 -0.52508852239620496     
 -0.56313307577169991     
 -0.65101985494049552     
 -0.74347200893337140     
 -0.81266245955141603     
 -0.85263420289471470     
 -0.86560867334852232     
 -0.81265796760689890     
 -0.77611255045957017     
 -0.71025862331876199     
 -0.62608844806735342     
 -0.56219853935683628     
 -0.56218577446136098     
 -0.62608680081294898     
 -0.71025959060812860     
 -0.77610722732664406     
 -0.81266840675833019     
 -0.82751241726317271     
 -0.82750572416765800     
 -0.74346003428036900     
 -0.71025862331874690     
 -0.65221781567205861     
 -0.58942864696705799     
 -0.56094118117862357     
 -0.58943832141917307     
 -0.65222413865325946     
 -0.71025077459804853     
 -0.74345801255491728     
 -0.75604430978665260     
 -0.75888228955216375     
 -0.75604305029714203     
 -0.65099862365472327     
 -0.62608844806732677     
 -0.58942864696704844     
 -0.56062914669110842     
 -0.56063128671774309     
 -0.58943565516035479     
 -0.62609199296787010     
 -0.65100045373662274     
 -0.66084232200733761     
 -0.66314194202856180     
 -0.66314818094507566     
 -0.66084479406999552     
 -0.56316195373975553     
 -0.56219853935681563     
 -0.56094118117861180     
 -0.56063128671773332     
 -0.56092870839129794     
 -0.56219353255477844     
 -0.56315936724641036     
 -0.56219353255475957     
 -0.56092870839127462     
 -0.56063128671773688     
 -0.56094118117863900     
 -0.56219853935683584     
 -0.52508852239617565     
 -0.56218577446134976     
 -0.58943832141915586     
 -0.58943565516033924     
 -0.56219353255476989     
 -0.52509572771935598     
 -0.49495524041759786     
 -0.47777958447352353     
 -0.47147445328685017     
 -0.47148545378293866     
 -0.47779998402067936     
 -0.49496883261970043     
 -0.56313307577167804     
 -0.62608680081293522     
 -0.65222413865324769     
 -0.62609199296786122     
 -0.56315936724639992     
 -0.49495524041758709     
 -0.44427123408920643     
 -0.41709077760509744     
 -0.40920475444846571     
 -0.41709794423303892     
 -0.44426711989268458     
 -0.49492928673173830     
 -0.65101985494048720     
 -0.71025959060813793     
 -0.71025077459806440     
 -0.65100045373663562     
 -0.56219353255476379     
 -0.47777958447351621     
 -0.41709077760509594     
 -0.38635474340313047     
 -0.38634866585765187     
 -0.41707776532812901     
 -0.47776386601948034     
 -0.56219757347481236     
 -0.74347200893340082     
 -0.77610722732669624     
 -0.74345801255496846     
 -0.66084232200738025     
 -0.56092870839130138     
 -0.47147445328686505     
 -0.40920475444848170     
 -0.38634866585766225     
 -0.40920354181878599     
 -0.47149937709410494     
 -0.56095398749270664     
 -0.66087286063600437     
 -0.81266245955147909     
 -0.81266840675840979     
 -0.75604430978672321     
 -0.66314194202862009     
 -0.56063128671777884     
 -0.47148545378297546     
 -0.41709794423307633     
 -0.41707776532816565     
 -0.47149937709412376     
 -0.56064679799390205     
 -0.66313805241489854     
 -0.75604121472438957     
 -0.85263420289477476     
 -0.82751241726324087     
 -0.75888228955222825     
 -0.66314818094513439     
 -0.56094118117869196     
 -0.47779998402073764     
 -0.44426711989274870     
 -0.47776386601953280     
 -0.56095398749272340     
 -0.66313805241489443     
 -0.75886400690688771     
 -0.82749563467067710     
 -0.86560867334855096     
 -0.82750572416770096     
 -0.75604305029719387     
 -0.66084479407005037     
 -0.56219853935689679     
 -0.49496883261976232     
 -0.49492928673179076     
 -0.56219757347484378     
 -0.66087286063600237     
 -0.75604121472436336     
 -0.82749563467065002     
 -0.86559939251475682     
 -0.78308003296052875     
 -0.81268001190494310     
 -0.79165419034986784     
 -0.71954397387083291     
 -0.65099862365473937     
 -0.65098660848961221     
 -0.71954560119652911     
 -0.79164757520669315     
 -0.81266245955141303     
 -0.78311317350733256     
 -0.74807766654756935     
 -0.74804657839255129     
 -0.81268001190492589     
 -0.82716456635485414     
 -0.77973523524408672     
 -0.70089545407245057     
 -0.66084479406999586     
 -0.70090385939920385     
 -0.77974301866034346     
 -0.82714341114854151     
 -0.81266840675831986     
 -0.76544664195699763     
 -0.74071183138212282     
 -0.76542626444221851     
 -0.79165419034983830     
 -0.77973523524407029     
 -0.72069630702151122     
 -0.66313394789197533     
 -0.66314818094509020     
 -0.72071975188396498     
 -0.77973753399945100     
 -0.79164033234006759     
 -0.75604430978664316     
 -0.71623202790859009     
 -0.71622856879189967     
 -0.75604641188305488     
 -0.71954397387078783     
 -0.70089545407241838     
 -0.66313394789196045     
 -0.64393024916252362     
 -0.66314194202860077     
 -0.70090083674569270     
 -0.71954304352575027     
 -0.70090083674565129     
 -0.66314194202855303     
 -0.64393024916250863     
 -0.66313394789197788     
 -0.70089545407244425     
 -0.65099862365468819     
 -0.66084479406995844     
 -0.66314818094506522     
 -0.66314194202858878     
 -0.66084232200738313     
 -0.65100045373665449     
 -0.62609199296786944     
 -0.58943565516032470     
 -0.56063128671772156     
 -0.56062914669112107     
 -0.58942864696706498     
 -0.62608844806731956     
 -0.65098660848956580     
 -0.70090385939916700     
 -0.72071975188393944     
 -0.70090083674567571     
 -0.65100045373664595     
 -0.58979164311696597     
 -0.53178058790500193     
 -0.48821766327434202     
 -0.47148545378291778     
 -0.48822979908711850     
 -0.53178670460712441     
 -0.58978328901331123     
 -0.71954560119649824     
 -0.77974301866033013     
 -0.77973753399944556     
 -0.71954304352574405     
 -0.62609199296786400     
 -0.53178058790499905     
 -0.45803958119882149     
 -0.41708887873213607     
 -0.41709794423302515     
 -0.45804474809194784     
 -0.53176968509924505     
 -0.62608071518401509     
 -0.79164757520671136     
 -0.82714341114857992     
 -0.79164033234010001     
 -0.70090083674567294     
 -0.58943565516033658     
 -0.48821766327435262     
 -0.41708887873215017     
 -0.39082019804717461     
 -0.41707776532813540     
 -0.48821927632805129     
 -0.58944397312317443     
 -0.70091700752902764     
 -0.81266245955148708     
 -0.81266840675840279     
 -0.75604430978670789     
 -0.66314194202860033     
 -0.56063128671775342     
 -0.47148545378295115     
 -0.41709794423305557     
 -0.41707776532815061     
 -0.47149937709412598     
 -0.56064679799391082     
 -0.66313805241490709     
 -0.75604121472440211     
 -0.78311317350741660     
 -0.76544664195708045     
 -0.71623202790865914     
 -0.64393024916256403     
 -0.56062914669116781     
 -0.48822979908717329     
 -0.45804474809200069     
 -0.48821927632808826     
 -0.56064679799392170     
 -0.64389895460482161     
 -0.71620898566801783     
 -0.76543983230285684     
 -0.74807766654762087     
 -0.74071183138217978     
 -0.71622856879195962     
 -0.66313394789203373     
 -0.58942864696712538     
 -0.53178670460719479     
 -0.53176968509930822     
 -0.58944397312320873     
 -0.66313805241490487     
 -0.71620898566800284     
 -0.74072080420331354     
 -0.74808119073565593     
 -0.74804657839257294     
 -0.76542626444225748     
 -0.75604641188310062     
 -0.70089545407249609     
 -0.62608844806738262     
 -0.58978328901337274     
 -0.62608071518406316     
 -0.70091700752903985     
 -0.75604121472436780     
 -0.76543983230280621     
 -0.74808119073562507     
 -0.73748733153540214     
 -0.85266029039518176     
 -0.91285104315639165     
 -0.87977905533566869     
 -0.79165419034983242     
 -0.74346003428035679     
 -0.79164503303104361     
 -0.87978489924479986     
 -0.91282838418159651     
 -0.85263420289469560     
 -0.74807766654755459     
 -0.69521785181997342     
 -0.74805998028064624     
 -0.91285104315638155     
 -0.91805762952147263     
 -0.84036126074162520     
 -0.75604641188304600     
 -0.75604305029714736     
 -0.84036943226354088     
 -0.91806583355801830     
 -0.91283630727919640     
 -0.82751241726314029     
 -0.74071183138210217     
 -0.74071346914725067     
 -0.82752731551242997     
 -0.87977905533563971     
 -0.84036126074160533     
 -0.75887718103249602     
 -0.71622856879190944     
 -0.75888228955219994     
 -0.84036332684692694     
 -0.87977775642425027     
 -0.84036332684686899     
 -0.75888228955213732     
 -0.71622856879188357     
 -0.75887718103250534     
 -0.84036126074163264     
 -0.79165419034978302     
 -0.75604641188301125     
 -0.71622856879189711     
 -0.71623202790863261     
 -0.75604430978672399     
 -0.79164033234013353     
 -0.77973753399946089     
 -0.72071975188392812     
 -0.66314818094505357     
 -0.66313394789196645     
 -0.72069630702151322     
 -0.77973523524404897     
 -0.74346003428030438     
 -0.75604305029711005     
 -0.75888228955218140     
 -0.75604430978671422     
 -0.74345801255499044     
 -0.71025077459809038     
 -0.65222413865325546     
 -0.58943832141914432     
 -0.56094118117861025     
 -0.58942864696705544     
 -0.65221781567203674     
 -0.71025862331869349     
 -0.79164503303099754     
 -0.84036943226351213     
 -0.84036332684690862     
 -0.79164033234011877     
 -0.71025077459808517     
 -0.61698228589532855     
 -0.53177111702927038     
 -0.47778345293187208     
 -0.47779998402064860     
 -0.53178670460712119     
 -0.61698569510439349     
 -0.71025136164595692     
 -0.87978489924478898     
 -0.91806583355802274     
 -0.87977775642424960     
 -0.77973753399945755     
 -0.65222413865325624     
 -0.53177111702927793     
 -0.44425732891889286     
 -0.41119817754441840     
 -0.44426711989267481     
 -0.53176968509925127     
 -0.65222534272275190     
 -0.77974613354951916     
 -0.91282838418164824     
 -0.91283630727924781     
 -0.84036332684689963     
 -0.72071975188394632     
 -0.58943832141916153     
 -0.47778345293190394     
 -0.41119817754443805     
 -0.41116593369199128     
 -0.47776386601949872     
 -0.58944397312318642     
 -0.72072258934161160     
 -0.84035667042110829     
 -0.85263420289478231     
 -0.82751241726321223     
 -0.75888228955218673     
 -0.66314818094508843     
 -0.56094118117864511     
 -0.47779998402069179     
 -0.44426711989269491     
 -0.47776386601950682     
 -0.56095398749273495     
 -0.66313805241491608     
 -0.75886400690692146     
 -0.82749563467071474     
 -0.74807766654761532     
 -0.74071183138215635     
 -0.71622856879193086     
 -0.66313394789200630     
 -0.58942864696710251     
 -0.53178670460717270     
 -0.53176968509929035     
 -0.58944397312320962     
 -0.66313805241491763     
 -0.71620898566802293     
 -0.74072080420334119     
 -0.74808119073567436     
 -0.69521785182000051     
 -0.74071346914728664     
 -0.75887718103254176     
 -0.72069630702155452     
 -0.65221781567209280     
 -0.61698569510444967     
 -0.65222534272279686     
 -0.72072258934162359     
 -0.75886400690689859     
 -0.74072080420331865     
 -0.69525447712558308     
 -0.67235888789213050     
 -0.74805998028065868     
 -0.82752731551245051     
 -0.84036126074166095     
 -0.77973523524409616     
 -0.71025862331874989     
 -0.71025136164601022     
 -0.77974613354955236     
 -0.84035667042108786     
 -0.82749563467065235     
 -0.74808119073562429     
 -0.67235888789211495     
 -0.67232557931973669     
 -0.98313926168160426     
  -1.0006472539149172     
 -0.91285104315635535     
 -0.81268001190488248     
 -0.81265796760686004     
 -0.91284872015371976     
  -1.0006764025512409     
 -0.98314383298269981     
 -0.86560867334848268     
 -0.74804657839251898     
 -0.74805998028062692     
 -0.86563102466304598     
  -1.0006472539149076     
 -0.94448441592158805     
 -0.82752731551240033     
 -0.76542626444220008     
 -0.82750572416765966     
 -0.94449217588732581     
  -1.0006754756191620     
 -0.94449217588727685     
 -0.82750572416760659     
 -0.76542626444217854     
 -0.82752731551241021     
 -0.94448441592161125     
 -0.91285104315632148     
 -0.82752731551238123     
 -0.74071346914724523     
 -0.74071183138214591     
 -0.82751241726323366     
 -0.91283630727927634     
 -0.91806583355803328     
 -0.84036943226350225     
 -0.75604305029710417     
 -0.75604641188302935     
 -0.84036126074162376     
 -0.91805762952144854     
 -0.81268001190483785     
 -0.76542626444217743     
 -0.74071183138214225     
 -0.76544664195708112     
 -0.81266840675843410     
 -0.82714341114861645     
 -0.77974301866035534     
 -0.70090385939917677     
 -0.66084479406997276     
 -0.70089545407243525     
 -0.77973523524405142     
 -0.82716456635477742     
 -0.81265796760682152     
 -0.82750572416764401     
 -0.82751241726322866     
 -0.81266840675842822     
 -0.77610722732672754     
 -0.71025959060816435     
 -0.62608680081293977     
 -0.56218577446133133     
 -0.56219853935681219     
 -0.62608844806732022     
 -0.71025862331870049     
 -0.77611255045947891     
 -0.91284872015369756     
 -0.94449217588732082     
 -0.91283630727926934     
 -0.82714341114860668     
 -0.71025959060816124     
 -0.58979043728099512     
 -0.49493285968154743     
 -0.45735797485077390     
 -0.49496883261967950     
 -0.58978328901332022     
 -0.71025136164596314     
 -0.82715169414426015     
  -1.0006764025512545     
  -1.0006754756191740     
 -0.91806583355802984     
 -0.77974301866034790     
 -0.62608680081294577     
 -0.49493285968157041     
 -0.41676388851117063     
 -0.41676784235788100     
 -0.49492928673173875     
 -0.62608071518403074     
 -0.77974613354952593     
 -0.91807012933081700     
 -0.98314383298275110     
 -0.94449217588730638     
 -0.84036943226350935     
 -0.70090385939918165     
 -0.56218577446135820     
 -0.45735797485081409     
 -0.41676784235787906     
 -0.45730802841750001     
 -0.56219757347483357     
 -0.70091700752904518     
 -0.84035667042111595     
 -0.94447014260051487     
 -0.86560867334853597     
 -0.82750572416763468     
 -0.75604305029711871     
 -0.66084479406998720     
 -0.56219853935684194     
 -0.49496883261969687     
 -0.49492928673172953     
 -0.56219757347483457     
 -0.66087286063602857     
 -0.75604121472441577     
 -0.82749563467072396     
 -0.86559939251480733     
 -0.74804657839254007     
 -0.76542626444219175     
 -0.75604641188303967     
 -0.70089545407245224     
 -0.62608844806735198     
 -0.58978328901334576     
 -0.62608071518405173     
 -0.70091700752905561     
 -0.75604121472440944     
 -0.76543983230287216     
 -0.74808119073568757     
 -0.73748733153542312     
 -0.74805998028062981     
 -0.82752731551241021     
 -0.84036126074163198     
 -0.77973523524408106     
 -0.71025862331874134     
 -0.71025136164600200     
 -0.77974613354955313     
 -0.84035667042110873     
 -0.82749563467069309     
 -0.74808119073567048     
 -0.67235888789214160     
 -0.67232557931973647     
 -0.86563102466304365     
 -0.94448441592161192     
 -0.91805762952147107     
 -0.82716456635482216     
 -0.77611255045952432     
 -0.82715169414429934     
 -0.91807012933082688     
 -0.94447014260047690     
 -0.86559939251475093     
 -0.73748733153539603     
 -0.67232557931973391     
 -0.73748122912515357     
