   0.00000000000000        11.6840410312466     
  0.125628140703518        11.6930727742550     
  0.251256281407035        11.7202751842025     
  0.376884422110553        11.7659733357026     
  0.502512562814070        11.8307210280892     
  0.628140703517588        11.9153196490830     
  0.753768844221106        12.0208463881611     
  0.879396984924623        12.1486938602728     
   1.00502512562814        12.3006242088591     
   1.13065326633166        12.4788421888753     
   1.25628140703518        12.6860938378456     
   1.38190954773869        12.9258005416121     
   1.50753768844221        13.2022432996786     
   1.63316582914573        13.5208200393018     
   1.75879396984925        13.8884121869172     
   1.88442211055276        14.3139196631999     
   2.01005025125628        14.8090644246464     
   2.13567839195980        15.3896387643378     
   2.26130653266332        16.0775220166296     
   2.38693467336683        16.9040859837907     
   2.51256281407035        17.9162145252438     
   2.63819095477387        19.1872793262435     
   2.76381909547739        20.8358424595032     
   2.88944723618090        23.0322757198475     
   3.01507537688442        25.6217488581946     
   3.14070351758794        25.1980026062811     
   3.26633165829146        22.7888507997864     
   3.39195979899498        22.9364629816540     
   3.51758793969849        23.0114766280844     
   3.64321608040201        27.7347200644121     
   3.76884422110553        30.3896363456317     
   3.89447236180905        21.7137322255397     
   4.02010050251256        8.97075134765113     
   4.14572864321608       0.823421483183788     
   4.27135678391960       -9.32951584372240     
   4.39698492462312       -11.8238104440380     
   4.52261306532663       -7.03538418140382     
   4.64824120603015       -1.89980293539696     
   4.77386934673367        2.18370399615765     
   4.89949748743719        3.61589502003464     
   5.02512562814070        3.63952095671117     
   5.15075376884422        1.85414020512121     
   5.27638190954774       -3.16008807692610     
   5.40201005025126       -7.77421161830381     
   5.52763819095477       -10.9815869362552     
   5.65326633165829       -12.3183775143790     
   5.77889447236181       -11.9370642965657     
   5.90452261306533       -10.6639244769158     
   6.03015075376884       -9.87589855719026     
   6.15577889447236       -9.07615640816081     
   6.28140703517588       -8.05368720206081     
   6.40703517587940       -7.11241749215861     
   6.53266331658291       -6.90690646287728     
   6.65829145728643       -7.37310995376593     
   6.78391959798995       -7.00614116975426     
   6.90954773869347       -6.00929683319155     
   7.03517587939699       -5.21581556933611     
   7.16080402010050       -5.06672325729078     
   7.28643216080402       -5.22397722455535     
   7.41206030150754       -4.84623370922042     
   7.53768844221106       -4.32596488015413     
   7.66331658291457       -3.87340442771466     
   7.78894472361809       -3.64018031279307     
   7.91457286432161       -3.63077900566189     
   8.04020100502512       -3.86749818680812     
   8.16582914572864       -3.77677084387404     
   8.29145728643216       -3.68186987301166     
   8.41708542713568       -3.56786772677696     
   8.54271356783920       -3.44730962833722     
   8.66834170854271       -3.36842681464946     
   8.79396984924623       -3.53265281041461     
   8.91959798994975       -3.67717324462077     
   9.04522613065327       -3.69723514166991     
   9.17085427135678       -3.72724799943764     
   9.29648241206030       -3.57132401688265     
   9.42211055276382       -3.25414416170710     
   9.54773869346734       -2.78844437992475     
   9.67336683417085       -2.42974256722352     
   9.79899497487437       -2.21573819941930     
   9.92462311557789       -2.08791425772519     
   10.0502512562814       -2.10122689313238     
   10.1758793969849       -2.10576281116268     
   10.3015075376884       -2.12814662278940     
   10.4271356783920       -2.05868245973371     
   10.5527638190955       -1.99607585624522     
   10.6783919597990       -1.96273844918345     
   10.8040201005025       -1.86050460994791     
   10.9296482412060       -1.69991480949413     
   11.0552763819095       -1.57041464981072     
   11.1809045226131       -1.57089270737743     
   11.3065326633166       -1.53409089339374     
   11.4321608040201       -1.45504789323648     
   11.5577889447236       -1.44801551563490     
   11.6834170854271       -1.41092120341493     
   11.8090452261307       -1.34086140811315     
   11.9346733668342       -1.31208318752695     
   12.0603015075377       -1.21784608902371     
   12.1859296482412       -1.17523877282982     
   12.3115577889447       -1.14247134828997     
   12.4371859296482       -1.05430309440495     
   12.5628140703518      -0.982998627087174     
   12.6884422110553      -0.882141086141197     
   12.8140703517588      -0.776614614099550     
   12.9396984924623      -0.688134096036000     
   13.0653266331658      -0.691344455769802     
   13.1909547738693      -0.691586161452128     
   13.3165829145729      -0.720531726913306     
   13.4422110552764      -0.770354826907723     
   13.5678391959799      -0.821633887339508     
   13.6934673366834      -0.812048358610604     
   13.8190954773869      -0.743906074832594     
   13.9447236180905      -0.663941624912219     
   14.0703517587940      -0.580284035055120     
   14.1959798994975      -0.519002691818330     
   14.3216080402010      -0.481077177217480     
   14.4472361809045      -0.492411294018373     
   14.5728643216080      -0.500419700681485     
   14.6984924623116      -0.498272631123337     
   14.8241206030151      -0.493521924582176     
   14.9497487437186      -0.461276142149265     
   15.0753768844221      -0.434021997568214     
   15.2010050251256      -0.375488217715593     
   15.3266331658291      -0.334187483894103     
   15.4522613065327      -0.310547905877553     
   15.5778894472362      -0.291342716120974     
   15.7035175879397      -0.259989790474214     
   15.8291457286432      -0.241538624465539     
   15.9547738693467      -0.204156897073112     
   16.0804020100502      -0.184433246097302     
   16.2060301507538      -0.175597333580105     
   16.3316582914573      -0.194785007642063     
   16.4572864321608      -0.192466914988808     
   16.5829145728643      -0.173029676822833     
   16.7085427135678      -0.148200930581299     
   16.8341708542714      -0.126732572491789     
   16.9597989949749      -0.100163789471309     
   17.0854271356784      -9.715014211400248E-002
   17.2110552763819      -0.101811655226789     
   17.3366834170854      -0.101624882424085     
   17.4623115577889      -0.105224943572266     
   17.5879396984925      -9.559811758170529E-002
   17.7135678391960      -7.461096817532875E-002
   17.8391959798995      -4.889283777064908E-002
   17.9648241206030      -2.499829162914749E-002
   18.0904522613065      -6.705034632965491E-003
   18.2160804020100       1.012442790708558E-002
   18.3417085427136       2.128136858216770E-002
   18.4673366834171       3.543850676707485E-002
   18.5929648241206       4.941035266695004E-002
   18.7185929648241       5.649232531181569E-002
   18.8442211055276       6.582482818603846E-002
   18.9698492462312       8.423228280895388E-002
   19.0954773869347       0.102739784371504     
   19.2211055276382       0.121091352380513     
   19.3467336683417       0.145465040540767     
   19.4723618090452       0.163904733290025     
   19.5979899497487       0.176676291206441     
   19.7236180904523       0.190075638715261     
   19.8492462311558       0.198590984492559     
   19.9748743718593       0.201607398797918     
   20.1005025125628       0.207720177994244     
   20.2261306532663       0.219360725641099     
   20.3517587939699       0.234261172767909     
   20.4773869346734       0.247474603687848     
   20.6030150753769       0.258372285178766     
   20.7286432160804       0.264224684390692     
   20.8542713567839       0.269197119868599     
   20.9798994974874       0.273063170935321     
   21.1055276381910       0.275849175496031     
   21.2311557788945       0.284873023295123     
   21.3567839195980       0.300665861226068     
   21.4824120603015       0.314348706305508     
   21.6080402010050       0.324866525680240     
   21.7336683417085       0.335010289462079     
   21.8592964824121       0.345097878532945     
   21.9849246231156       0.350740828871509     
   22.1105527638191       0.355780658341642     
   22.2361809045226       0.357666217203471     
   22.3618090452261       0.362905885846436     
   22.4874371859296       0.372131850285684     
   22.6130653266332       0.382697125696851     
   22.7386934673367       0.395026253580300     
   22.8643216080402       0.404451450684971     
   22.9899497487437       0.409087587880792     
   23.1155778894472       0.415800611405210     
   23.2412060301508       0.425477004825804     
   23.3668341708543       0.436110886866823     
   23.4924623115578       0.443986401582686     
   23.6180904522613       0.449052331822617     
   23.7437185929648       0.453809138779160     
   23.8693467336683       0.460985647109482     
   23.9949748743719       0.466692707141799     
   24.1206030150754       0.472749802449762     
   24.2462311557789       0.480739386430402     
   24.3718592964824       0.489990044935221     
   24.4974874371859       0.497968300295368     
   24.6231155778894       0.502158879506995     
   24.7487437185930       0.504759796730048     
   24.8743718592965       0.508191752647534     
   25.0000000000000       0.513136364649707     
