   0.00000000000000        11.4323771934122     
  0.125628140703518        11.4408764275407     
  0.251256281407035        11.4664697337575     
  0.376884422110553        11.5094468716712     
  0.502512562814070        11.5703007833295     
  0.628140703517588        11.6497432646160     
  0.753768844221106        11.7487282923173     
  0.879396984924623        11.8684845752749     
   1.00502512562814        12.0105596396017     
   1.13065326633166        12.1768787893440     
   1.25628140703518        12.3698237686772     
   1.38190954773869        12.5923381524380     
   1.50753768844221        12.8480698433672     
   1.63316582914573        13.1415662994064     
   1.75879396984925        13.4785465612197     
   1.88442211055276        13.8662881845549     
   2.01005025125628        14.3141913160102     
   2.13567839195980        14.8346252535000     
   2.26130653266332        15.4442430146329     
   2.38693467336683        16.1661047623315     
   2.51256281407035        17.0332606056133     
   2.63819095477387        18.0950419914003     
   2.76381909547739        19.4280591905473     
   2.88944723618090        21.1492964317731     
   3.01507537688442        23.3392022922523     
   3.14070351758794        25.2813873225044     
   3.26633165829146        26.6503721458481     
   3.39195979899498        26.4447164517319     
   3.51758793969849        25.0973427168117     
   3.64321608040201        24.1442853427350     
   3.76884422110553        23.5906165352024     
   3.89447236180905        20.3289191057887     
   4.02010050251256        17.0142905731799     
   4.14572864321608        14.3552303572690     
   4.27135678391960        7.49606916356766     
   4.39698492462312       -1.76747780163505     
   4.52261306532663       -9.18667469058429     
   4.64824120603015       -11.6332486602555     
   4.77386934673367       -9.51186035681410     
   4.89949748743719       -6.11285314743973     
   5.02512562814070       -3.54098428839466     
   5.15075376884422       -3.50219686521112     
   5.27638190954774       -5.81056510516367     
   5.40201005025126       -7.57503801284202     
   5.52763819095477       -8.45025631814450     
   5.65326633165829       -9.39271781079564     
   5.77889447236181       -10.0025550283023     
   5.90452261306533       -8.99822717954125     
   6.03015075376884       -7.35804683421696     
   6.15577889447236       -6.34800165348300     
   6.28140703517588       -5.54656622293144     
   6.40703517587940       -5.80021893539485     
   6.53266331658291       -6.79244453413787     
   6.65829145728643       -7.35702703325603     
   6.78391959798995       -6.88984513829681     
   6.90954773869347       -6.22284077378284     
   7.03517587939699       -5.79229103414608     
   7.16080402010050       -5.30607738607216     
   7.28643216080402       -4.70511851405324     
   7.41206030150754       -4.43226848187146     
   7.53768844221106       -4.59820662497887     
   7.66331658291457       -4.80249091796206     
   7.78894472361809       -4.78660147516856     
   7.91457286432161       -4.62267579208757     
   8.04020100502512       -4.38788564452182     
   8.16582914572864       -4.14527041297781     
   8.29145728643216       -3.92087986377965     
   8.41708542713568       -3.72338957808716     
   8.54271356783920       -3.52358229402615     
   8.66834170854271       -3.28161387584081     
   8.79396984924623       -3.16465371435879     
   8.91959798994975       -3.17898374842375     
   9.04522613065327       -3.21233052455482     
   9.17085427135678       -3.18439646069382     
   9.29648241206030       -3.09203813741677     
   9.42211055276382       -2.97381872839837     
   9.54773869346734       -2.79839781626093     
   9.67336683417085       -2.64488125739270     
   9.79899497487437       -2.47038913838177     
   9.92462311557789       -2.31149052984643     
   10.0502512562814       -2.15944144505819     
   10.1758793969849       -2.05709031321235     
   10.3015075376884       -2.03087530619335     
   10.4271356783920       -2.00715549920521     
   10.5527638190955       -1.98199922328343     
   10.6783919597990       -1.96027064470705     
   10.8040201005025       -1.91888316360884     
   10.9296482412060       -1.81008209144760     
   11.0552763819095       -1.68177236681991     
   11.1809045226131       -1.55775004396395     
   11.3065326633166       -1.45142265964182     
   11.4321608040201       -1.36081839466144     
   11.5577889447236       -1.27270085410267     
   11.6834170854271       -1.22878376150974     
   11.8090452261307       -1.22744487179996     
   11.9346733668342       -1.24948173495870     
   12.0603015075377       -1.25367491540730     
   12.1859296482412       -1.22077085267745     
   12.3115577889447       -1.16138993334583     
   12.4371859296482       -1.09206178162019     
   12.5628140703518       -1.02135717123990     
   12.6884422110553      -0.956253637383524     
   12.8140703517588      -0.892026180240674     
   12.9396984924623      -0.844557264218300     
   13.0653266331658      -0.801240557249604     
   13.1909547738693      -0.757907566490653     
   13.3165829145729      -0.729472566253803     
   13.4422110552764      -0.721456737428653     
   13.5678391959799      -0.716500071096881     
   13.6934673366834      -0.701214027852344     
   13.8190954773869      -0.672925353347887     
   13.9447236180905      -0.629477964649899     
   14.0703517587940      -0.578373202787129     
   14.1959798994975      -0.537966845914575     
   14.3216080402010      -0.503335487853173     
   14.4472361809045      -0.461727195098753     
   14.5728643216080      -0.425762356530218     
   14.6984924623116      -0.407086417806820     
   14.8241206030151      -0.405611978906702     
   14.9497487437186      -0.406218224184596     
   15.0753768844221      -0.385664313467992     
   15.2010050251256      -0.351803527761838     
   15.3266331658291      -0.332802266030445     
   15.4522613065327      -0.324760729187596     
   15.5778894472362      -0.317652665229362     
   15.7035175879397      -0.298847373598633     
   15.8291457286432      -0.280422640203901     
   15.9547738693467      -0.251324141378473     
   16.0804020100502      -0.224071097495378     
   16.2060301507538      -0.211386288485973     
   16.3316582914573      -0.200251916551546     
   16.4572864321608      -0.185024417440412     
   16.5829145728643      -0.175308193842154     
   16.7085427135678      -0.167625609732162     
   16.8341708542714      -0.151480309267773     
   16.9597989949749      -0.126822231845161     
   17.0854271356784      -0.106699502260602     
   17.2110552763819      -8.818572620644173E-002
   17.3366834170854      -7.284640740460489E-002
   17.4623115577889      -5.888924291921175E-002
   17.5879396984925      -4.977632429046533E-002
   17.7135678391960      -4.377628891085308E-002
   17.8391959798995      -3.263179327241139E-002
   17.9648241206030      -2.047678822296932E-002
   18.0904522613065      -5.669516074611291E-003
   18.2160804020100       7.447282207850772E-003
   18.3417085427136       2.697662739313566E-002
   18.4673366834171       4.877623188082893E-002
   18.5929648241206       6.980196704732618E-002
   18.7185929648241       8.995071178075646E-002
   18.8442211055276       9.910679946791838E-002
   18.9698492462312       0.106414102659777     
   19.0954773869347       0.113475328801639     
   19.2211055276382       0.120461800959078     
   19.3467336683417       0.131598235545613     
   19.4723618090452       0.144099028898600     
   19.5979899497487       0.156999685850268     
   19.7236180904523       0.172285851856579     
   19.8492462311558       0.185653770466618     
   19.9748743718593       0.197126100802605     
   20.1005025125628       0.210697922478849     
   20.2261306532663       0.222644245470368     
   20.3517587939699       0.233986734183495     
   20.4773869346734       0.245918404802213     
   20.6030150753769       0.256622371076875     
   20.7286432160804       0.266193596913742     
   20.8542713567839       0.273703780339621     
   20.9798994974874       0.279371832313240     
   21.1055276381910       0.286397265764326     
   21.2311557788945       0.296608226466173     
   21.3567839195980       0.306408256637522     
   21.4824120603015       0.314560626789312     
   21.6080402010050       0.324189110841804     
   21.7336683417085       0.335004353772844     
   21.8592964824121       0.344860916363937     
   21.9849246231156       0.353453294946305     
   22.1105527638191       0.361450644723848     
   22.2361809045226       0.369172188781530     
   22.3618090452261       0.376905319585931     
   22.4874371859296       0.384608584708701     
   22.6130653266332       0.391928421022313     
   22.7386934673367       0.399786911562735     
   22.8643216080402       0.407660476365536     
   22.9899497487437       0.414558666097614     
   23.1155778894472       0.420938824164707     
   23.2412060301508       0.428020762789354     
   23.3668341708543       0.434963382018943     
   23.4924623115578       0.441888473550993     
   23.6180904522613       0.448578558860015     
   23.7437185929648       0.454790235444558     
   23.8693467336683       0.461594149046705     
   23.9949748743719       0.468132990037329     
   24.1206030150754       0.474270056792608     
   24.2462311557789       0.480013946176984     
   24.3718592964824       0.485844371295223     
   24.4974874371859       0.491978627982761     
   24.6231155778894       0.498339144324650     
   24.7487437185930       0.504332663151608     
   24.8743718592965       0.509953035929017     
   25.0000000000000       0.515493513335106     
