   0.00000000000000        11.4317112831751     
  0.125628140703518        11.4402076251445     
  0.251256281407035        11.4657921494260     
  0.376884422110553        11.5087542912359     
  0.502512562814070        11.5695864241802     
  0.628140703517588        11.6489994861794     
  0.753768844221106        11.7479462346161     
  0.879396984924623        11.8676536887711     
   1.00502512562814        12.0096670529823     
   1.13065326633166        12.1759084349737     
   1.25628140703518        12.3687551415275     
   1.38190954773869        12.5911445049208     
   1.50753768844221        12.8467154930878     
   1.63316582914573        13.1400025063862     
   1.75879396984925        13.4767050311928     
   1.88442211055276        13.8640705041261     
   2.01005025125628        14.3114511633391     
   2.13567839195980        14.8311372691010     
   2.26130653266332        15.4396460113344     
   2.38693467336683        16.1597936537995     
   2.51256281407035        17.0241739046141     
   2.63819095477387        18.0812514477449     
   2.76381909547739        19.4062094513209     
   2.88944723618090        21.1170327798504     
   3.01507537688442        23.3465192116282     
   3.14070351758794        25.6730019258073     
   3.26633165829146        26.7610206242688     
   3.39195979899498        26.4280893041765     
   3.51758793969849        25.0394697350578     
   3.64321608040201        23.2441774941647     
   3.76884422110553        22.5045938515580     
   3.89447236180905        22.2446961042465     
   4.02010050251256        19.3395271697720     
   4.14572864321608        13.2593832531321     
   4.27135678391960        4.31701155804389     
   4.39698492462312       -4.33450421209328     
   4.52261306532663       -7.55323587584160     
   4.64824120603015       -7.57406466403337     
   4.77386934673367       -6.94640241596098     
   4.89949748743719       -6.59842781576682     
   5.02512562814070       -5.86094290591912     
   5.15075376884422       -5.57936001298155     
   5.27638190954774       -7.09414567927995     
   5.40201005025126       -8.09832393416464     
   5.52763819095477       -8.10805813393634     
   5.65326633165829       -7.99096271380161     
   5.77889447236181       -7.90869572083356     
   5.90452261306533       -7.60340709381761     
   6.03015075376884       -7.66035530712986     
   6.15577889447236       -7.62192147242847     
   6.28140703517588       -7.03924647276028     
   6.40703517587940       -6.73706643220311     
   6.53266331658291       -6.79760505988387     
   6.65829145728643       -6.62712980160147     
   6.78391959798995       -6.04306224028221     
   6.90954773869347       -5.66164708941052     
   7.03517587939699       -5.67187860176846     
   7.16080402010050       -5.54106401614641     
   7.28643216080402       -5.19851464655443     
   7.41206030150754       -4.82661843084244     
   7.53768844221106       -4.75797495296790     
   7.66331658291457       -4.77967084578718     
   7.78894472361809       -4.66604780154815     
   7.91457286432161       -4.33649871283322     
   8.04020100502512       -4.05773257546849     
   8.16582914572864       -3.96515677437060     
   8.29145728643216       -3.96548218868598     
   8.41708542713568       -3.89930765780301     
   8.54271356783920       -3.69079220421340     
   8.66834170854271       -3.46773611974580     
   8.79396984924623       -3.30309270984981     
   8.91959798994975       -3.24420941521033     
   9.04522613065327       -3.19818822886017     
   9.17085427135678       -3.07638907295555     
   9.29648241206030       -2.91795543903411     
   9.42211055276382       -2.78542180220569     
   9.54773869346734       -2.69747860604737     
   9.67336683417085       -2.63816401361982     
   9.79899497487437       -2.54287480918069     
   9.92462311557789       -2.40570475299628     
   10.0502512562814       -2.27754237824296     
   10.1758793969849       -2.16971855821149     
   10.3015075376884       -2.09695521271919     
   10.4271356783920       -2.03279531369339     
   10.5527638190955       -1.96017019916607     
   10.6783919597990       -1.86866293170822     
   10.8040201005025       -1.77323951551052     
   10.9296482412060       -1.69425102793835     
   11.0552763819095       -1.62843868144398     
   11.1809045226131       -1.57378124930229     
   11.3065326633166       -1.51507095589161     
   11.4321608040201       -1.44619363760699     
   11.5577889447236       -1.37583714614340     
   11.6834170854271       -1.30936331113026     
   11.8090452261307       -1.26448774553890     
   11.9346733668342       -1.23610004993164     
   12.0603015075377       -1.19623667875775     
   12.1859296482412       -1.14018917329820     
   12.3115577889447       -1.08096081667307     
   12.4371859296482       -1.03202864784436     
   12.5628140703518      -0.995810305131111     
   12.6884422110553      -0.967467200098636     
   12.8140703517588      -0.938110729019673     
   12.9396984924623      -0.898439015184963     
   13.0653266331658      -0.853678187484168     
   13.1909547738693      -0.804395645553237     
   13.3165829145729      -0.759342788965157     
   13.4422110552764      -0.728917499312396     
   13.5678391959799      -0.699489734179429     
   13.6934673366834      -0.664284770711857     
   13.8190954773869      -0.620451171969762     
   13.9447236180905      -0.576489645272879     
   14.0703517587940      -0.550403984810927     
   14.1959798994975      -0.535382416847354     
   14.3216080402010      -0.518293291537682     
   14.4472361809045      -0.491278698874132     
   14.5728643216080      -0.462095737770400     
   14.6984924623116      -0.436500594198224     
   14.8241206030151      -0.416279151486976     
   14.9497487437186      -0.397721435658717     
   15.0753768844221      -0.377954334731516     
   15.2010050251256      -0.355988476456153     
   15.3266331658291      -0.337875247844697     
   15.4522613065327      -0.319231345700779     
   15.5778894472362      -0.301667826332795     
   15.7035175879397      -0.282379408069280     
   15.8291457286432      -0.261080923580109     
   15.9547738693467      -0.241130353202552     
   16.0804020100502      -0.229880013803630     
   16.2060301507538      -0.224509061314249     
   16.3316582914573      -0.211911102522080     
   16.4572864321608      -0.197865076287991     
   16.5829145728643      -0.183571532893955     
   16.7085427135678      -0.164880424412553     
   16.8341708542714      -0.144045181283752     
   16.9597989949749      -0.123961706032669     
   17.0854271356784      -0.107618513655471     
   17.2110552763819      -9.139724290522939E-002
   17.3366834170854      -7.674223858345744E-002
   17.4623115577889      -6.304580262683411E-002
   17.5879396984925      -4.929920726897664E-002
   17.7135678391960      -3.605839692642197E-002
   17.8391959798995      -2.324334288617297E-002
   17.9648241206030      -1.343450227541420E-002
   18.0904522613065      -1.317602193364225E-003
   18.2160804020100       1.138177364405292E-002
   18.3417085427136       2.661749869627515E-002
   18.4673366834171       4.481644973241612E-002
   18.5929648241206       6.208580722264624E-002
   18.7185929648241       7.740078665442530E-002
   18.8442211055276       9.054815240365634E-002
   18.9698492462312       0.102724276367899     
   19.0954773869347       0.113810692450607     
   19.2211055276382       0.124367419412134     
   19.3467336683417       0.137267938828023     
   19.4723618090452       0.150704524325430     
   19.5979899497487       0.164602098693945     
   19.7236180904523       0.177073706402542     
   19.8492462311558       0.187653399038085     
   19.9748743718593       0.198353965093842     
   20.1005025125628       0.207911908923112     
   20.2261306532663       0.218642293657110     
   20.3517587939699       0.230265159846595     
   20.4773869346734       0.241810493876739     
   20.6030150753769       0.252770500438828     
   20.7286432160804       0.263016375578187     
   20.8542713567839       0.271708351390568     
   20.9798994974874       0.280071420723462     
   21.1055276381910       0.288782286796610     
   21.2311557788945       0.299131192417382     
   21.3567839195980       0.309409595112900     
   21.4824120603015       0.318722927084512     
   21.6080402010050       0.327499536067224     
   21.7336683417085       0.335269068465750     
   21.8592964824121       0.343236295768064     
   21.9849246231156       0.351437813729528     
   22.1105527638191       0.359454271057100     
   22.2361809045226       0.367795234248627     
   22.3618090452261       0.376043929807451     
   22.4874371859296       0.384416814359467     
   22.6130653266332       0.392449543985284     
   22.7386934673367       0.399626861578552     
   22.8643216080402       0.406804312828819     
   22.9899497487437       0.414177922472650     
   23.1155778894472       0.421500816598531     
   23.2412060301508       0.428725609302539     
   23.3668341708543       0.435561235898307     
   23.4924623115578       0.442173942918491     
   23.6180904522613       0.448656301556309     
   23.7437185929648       0.455240350111439     
   23.8693467336683       0.461611976434068     
   23.9949748743719       0.467825614741389     
   24.1206030150754       0.473916017867421     
   24.2462311557789       0.480017391366279     
   24.3718592964824       0.486271043472396     
   24.4974874371859       0.492510548222221     
   24.6231155778894       0.498552754299177     
   24.7487437185930       0.504164739258389     
   24.8743718592965       0.509679629093808     
   25.0000000000000       0.515076692444005     
