Screened Coulomb for the full mesh.
 &inputgw
  prefix='mgb2',
  amass(1) = 24.305,
  amass(2) = 10.811,
  outdir='./tmp',
  fpol=.true.
  ldisp=.true.
  lrpa=.false.
  nq1 = 12
  nq2 = 12
  nq3 = 12
  tr2_gw=1.0d-8,
  tr2_green=1.0d-3
  ecutsco = 3.0
  kpoints = .true.
  use_symm   = .true.
  modielec   = .false.
  w_of_q_start   = 1
  do_epsil       = .true.
  solve_direct   = .false.
  do_coulomb     = .true.
  maxter_green   = 260
 /
FREQUENCIES
1
0.0000   0.0000
/
K_points
84
0.0000000   0.0000000   0.0000000
0.0000000   0.0000000   0.0875604
0.0000000   0.0000000   0.1751207
0.0000000   0.0000000   0.2626811
0.0000000   0.0000000   0.3502414
0.0000000   0.0000000  -0.4378018
0.0000000   0.1154701   0.0000000
0.0000000   0.1154701   0.0875604
0.0000000   0.1154701   0.1751207
0.0000000   0.1154701   0.2626811
0.0000000   0.1154701   0.3502414
0.0000000   0.1154701  -0.4378018
0.0000000   0.2309401   0.0000000
0.0000000   0.2309401   0.0875604
0.0000000   0.2309401   0.1751207
0.0000000   0.2309401   0.2626811
0.0000000   0.2309401   0.3502414
0.0000000   0.2309401  -0.4378018
0.0000000   0.3464102   0.0000000
0.0000000   0.3464102   0.0875604
0.0000000   0.3464102   0.1751207
0.0000000   0.3464102   0.2626811
0.0000000   0.3464102   0.3502414
0.0000000   0.3464102  -0.4378018
0.0000000   0.4618802   0.0000000
0.0000000   0.4618802   0.0875604
0.0000000   0.4618802   0.1751207
0.0000000   0.4618802   0.2626811
0.0000000   0.4618802   0.3502414
0.0000000   0.4618802  -0.4378018
0.0000000  -0.5773503   0.0000000
0.0000000  -0.5773503   0.0875604
0.0000000  -0.5773503   0.1751207
0.0000000  -0.5773503   0.2626811
0.0000000  -0.5773503   0.3502414
0.0000000  -0.5773503  -0.4378018
0.1000000   0.1732051   0.0000000
0.1000000   0.1732051   0.0875604
0.1000000   0.1732051   0.1751207
0.1000000   0.1732051   0.2626811
0.1000000   0.1732051   0.3502414
0.1000000   0.1732051  -0.4378018
0.1000000   0.2886751   0.0000000
0.1000000   0.2886751   0.0875604
0.1000000   0.2886751   0.1751207
0.1000000   0.2886751   0.2626811
0.1000000   0.2886751   0.3502414
0.1000000   0.2886751  -0.4378018
0.1000000   0.4041452   0.0000000
0.1000000   0.4041452   0.0875604
0.1000000   0.4041452   0.1751207
0.1000000   0.4041452   0.2626811
0.1000000   0.4041452   0.3502414
0.1000000   0.4041452  -0.4378018
0.1000000   0.5196152   0.0000000
0.1000000   0.5196152   0.0875604
0.1000000   0.5196152   0.1751207
0.1000000   0.5196152   0.2626811
0.1000000   0.5196152   0.3502414
0.1000000   0.5196152  -0.4378018
0.2000000   0.3464102   0.0000000
0.2000000   0.3464102   0.0875604
0.2000000   0.3464102   0.1751207
0.2000000   0.3464102   0.2626811
0.2000000   0.3464102   0.3502414
0.2000000   0.3464102  -0.4378018
0.2000000   0.4618802   0.0000000
0.2000000   0.4618802   0.0875604
0.2000000   0.4618802   0.1751207
0.2000000   0.4618802   0.2626811
0.2000000   0.4618802   0.3502414
0.2000000   0.4618802  -0.4378018
0.2000000   0.5773503   0.0000000
0.2000000   0.5773503   0.0875604
0.2000000   0.5773503   0.1751207
0.2000000   0.5773503   0.2626811
0.2000000   0.5773503   0.3502414
0.2000000   0.5773503  -0.4378018
0.3000000   0.5196152   0.0000000
0.3000000   0.5196152   0.0875604
0.3000000   0.5196152   0.1751207
0.3000000   0.5196152   0.2626811
0.3000000   0.5196152   0.3502414
0.3000000   0.5196152  -0.4378018
