   0.0000000000000000        0.0000000000000000       7.97092321108738844E-002  4.25197213181296984E-012
   0.0000000000000000       0.50505050505050508       7.78435682459056866E-002 -6.63902055853376246E-003
   0.0000000000000000        1.0101010101010102       7.35918753713317303E-002 -1.16293953082917990E-002
   0.0000000000000000        1.5151515151515151       6.83193142205040377E-002 -1.55620091028183111E-002
   0.0000000000000000        2.0202020202020203       6.21240863087246589E-002 -1.92466970958824514E-002
   0.0000000000000000        2.5252525252525251       5.47606382163516106E-002 -2.30416426848598366E-002
   0.0000000000000000        3.0303030303030303       4.60065469031021856E-002 -2.70827623734688078E-002
   0.0000000000000000        3.5353535353535355       3.56868371144064694E-002 -3.14376659377847353E-002
   0.0000000000000000        4.0404040404040407       2.36479713579146114E-002 -3.61606611165491282E-002
   0.0000000000000000        4.5454545454545459       9.73715087726476254E-003 -4.13108821165674711E-002
   0.0000000000000000        5.0505050505050502      -6.21102067302550277E-003 -4.69592015911924621E-002
   0.0000000000000000        5.5555555555555554      -2.43839536610620626E-002 -5.31922668412025332E-002
   0.0000000000000000        6.0606060606060606      -4.49990289785567391E-002 -6.01163966703488206E-002
   0.0000000000000000        6.5656565656565657      -6.83115621729088185E-002 -6.78624155484761071E-002
   0.0000000000000000        7.0707070707070709      -9.46237411872032780E-002 -7.65920870268822079E-002
   0.0000000000000000        7.5757575757575761      -0.12429532486670385      -8.65068266302801286E-002
   0.0000000000000000        8.0808080808080813      -0.15775690068686335      -9.78596033449410513E-002
   0.0000000000000000        8.5858585858585865      -0.19552664027672437      -0.11097135099894971     
   0.0000000000000000        9.0909090909090917      -0.23823174188801960      -0.12625386746125164     
   0.0000000000000000        9.5959595959595951      -0.28663611337345346      -0.14424221832459386     
   0.0000000000000000        10.101010101010100      -0.34167633653628832      -0.16564133012838433     
   0.0000000000000000        10.606060606060606      -0.40450855503007926      -0.19139419339182398     
   0.0000000000000000        11.111111111111111      -0.47656956179683901      -0.22278368138559879     
   0.0000000000000000        11.616161616161616      -0.55965573257135981      -0.26158786147526475     
   0.0000000000000000        12.121212121212121      -0.65602267605698006      -0.31032251684494561     
   0.0000000000000000        12.626262626262626      -0.76850408094248157      -0.37262952896137747     
   0.0000000000000000        13.131313131313131      -0.90063346002892475      -0.45391568617432565     
   0.0000000000000000        13.636363636363637       -1.0567086090585325      -0.56243239803890499     
   0.0000000000000000        14.141414141414142       -1.2416129331713779      -0.71114754862539320     
   0.0000000000000000        14.646464646464647       -1.4598486004095188      -0.92104878967896697     
   0.0000000000000000        15.151515151515152       -1.7122005634710382       -1.2269439284011758     
   0.0000000000000000        15.656565656565656       -1.9854787607447706       -1.6869119596010036     
   0.0000000000000000        16.161616161616163       -2.2229112607523427       -2.3928568748288934     
   0.0000000000000000        16.666666666666668       -2.2491561987412032       -3.4549411641429417     
   0.0000000000000000        17.171717171717173       -1.6581428614687712       -4.8399771714326665     
   0.0000000000000000        17.676767676767678      -1.97122160329583525E-002  -5.9250513166516878     
   0.0000000000000000        18.181818181818183        2.0938772162629053       -5.7018945896019639     
   0.0000000000000000        18.686868686868689        3.4052030213588731       -4.4254008498194812     
   0.0000000000000000        19.191919191919190        3.7600735098864475       -3.1235332799412205     
   0.0000000000000000        19.696969696969695        3.6507068203961008       -2.1853265175699823     
   0.0000000000000000        20.202020202020201        3.4012692611119379       -1.5673242887417584     
   0.0000000000000000        20.707070707070706        3.1383681868620918       -1.1611599997952464     
   0.0000000000000000        21.212121212121211        2.9007169658241860      -0.88737234773170570     
   0.0000000000000000        21.717171717171716        2.6959618085204484      -0.69686787704303987     
   0.0000000000000000        22.222222222222221        2.5220218801186678      -0.56014442722700986     
   0.0000000000000000        22.727272727272727        2.3744087156414202      -0.45922964853811044     
   0.0000000000000000        23.232323232323232        2.2485886204228431      -0.38288167369257053     
   0.0000000000000000        23.737373737373737        2.1406435289521792      -0.32385898313587486     
   0.0000000000000000        24.242424242424242        2.0473653119960198      -0.27736125975637482     
   0.0000000000000000        24.747474747474747        1.9661782505789476      -0.24012046702776171     
   0.0000000000000000        25.252525252525253        1.8950249978012552      -0.20985702941204026     
   0.0000000000000000        25.757575757575758        1.8322595627379936      -0.18494556253534153     
   0.0000000000000000        26.262626262626263        1.7765585408471629      -0.16420396861150738     
   0.0000000000000000        26.767676767676768        1.7268509368559748      -0.14675705990834401     
   0.0000000000000000        27.272727272727273        1.6822637717702029      -0.13194634426711099     
   0.0000000000000000        27.777777777777779        1.6420802086357262      -0.11926908388084606     
   0.0000000000000000        28.282828282828284        1.6057073218373137      -0.10833632905883896     
   0.0000000000000000        28.787878787878789        1.5726512062634632      -9.88435041016691857E-002
   0.0000000000000000        29.292929292929294        1.5424976539284454      -9.05494539240790097E-002
   0.0000000000000000        29.797979797979799        1.5148970588593860      -8.32612934498614538E-002
   0.0000000000000000        30.303030303030305        1.4895525455250991      -7.68233011454373532E-002
   0.0000000000000000        30.808080808080810        1.4662105678772224      -7.11086731732707700E-002
   0.0000000000000000        31.313131313131311        1.4446534135088016      -6.60133290170470677E-002
   0.0000000000000000        31.818181818181817        1.4246931864304586      -6.14512072031886264E-002
   0.0000000000000000        32.323232323232325        1.4061669450819618      -5.73506562861609628E-002
   0.0000000000000000        32.828282828282831        1.3889327489214758      -5.36516398389712892E-002
   0.0000000000000000        33.333333333333336        1.3728664242733559      -5.03035526960537716E-002
   0.0000000000000000        33.838383838383841        1.3578589031941064      -4.72635006523624626E-002
   0.0000000000000000        34.343434343434346        1.3438140216692545      -4.44949347532605996E-002
   0.0000000000000000        34.848484848484851        1.3306466882025747      -4.19665591966909626E-002
   0.0000000000000000        35.353535353535356        1.3182813527909953      -3.96514520555469874E-002
   0.0000000000000000        35.858585858585862        1.3066507208494358      -3.75263527850117351E-002
   0.0000000000000000        36.363636363636367        1.2956946679332260      -3.55710813684155525E-002
   0.0000000000000000        36.868686868686872        1.2853593198952984      -3.37680620603054149E-002
   0.0000000000000000        37.373737373737377        1.2755962700018353      -3.21019307689784372E-002
   0.0000000000000000        37.878787878787875        1.2663619099565837      -3.05592097230474868E-002
   0.0000000000000000        38.383838383838381        1.2576168560829264      -2.91280365741197721E-002
   0.0000000000000000        38.888888888888886        1.2493254553367510      -2.77979377800971449E-002
   0.0000000000000000        39.393939393939391        1.2414553585640955      -2.65596381940394650E-002
   0.0000000000000000        39.898989898989896        1.2339771506224206      -2.54049004015511996E-002
   0.0000000000000000        40.404040404040401        1.2268640287665118      -2.43263886156663417E-002
   0.0000000000000000        40.909090909090907        1.2200915221471826      -2.33175529345772542E-002
   0.0000000000000000        41.414141414141412        1.2136372464509670      -2.23725305560336374E-002
   0.0000000000000000        41.919191919191917        1.2074806886756131      -2.14860611696280901E-002
   0.0000000000000000        42.424242424242422        1.2016030178310249      -2.06534142497722187E-002
   0.0000000000000000        42.929292929292927        1.1959869180115514      -1.98703263752863062E-002
   0.0000000000000000        43.434343434343432        1.1906164408292617      -1.91329470268743126E-002
   0.0000000000000000        43.939393939393938        1.1854768746502937      -1.84377915776467276E-002
   0.0000000000000000        44.444444444444443        1.1805546284539015      -1.77817004066709652E-002
   0.0000000000000000        44.949494949494948        1.1758371284500484      -1.71618032412895506E-002
   0.0000000000000000        45.454545454545453        1.1713127258571152      -1.65754879780784133E-002
   0.0000000000000000        45.959595959595958        1.1669706144653744      -1.60203733512882321E-002
   0.0000000000000000        46.464646464646464        1.1628007568012437      -1.54942849158201008E-002
   0.0000000000000000        46.969696969696969        1.1587938178678991      -1.49952338934156108E-002
   0.0000000000000000        47.474747474747474        1.1549411055746526      -1.45213984987071481E-002
   0.0000000000000000        47.979797979797979        1.1512345170837737      -1.40711074185088034E-002
   0.0000000000000000        48.484848484848484        1.1476664904032423      -1.36428251653304741E-002
   0.0000000000000000        48.989898989898990        1.1442299606392956      -1.32351390661322524E-002
   0.0000000000000000        49.494949494949495        1.1409183203960491      -1.28467476810327618E-002
   0.0000000000000000        50.000000000000000        1.1377253838727586      -1.24764504752495307E-002
