      0.0000000000000000        0.0000000000000000       7.97092321108733015E-002  4.25197142257349932E-012
      0.0000000000000000        5.0000000000000000       0.16730598108876890      -2.52610153602008451E-010
      0.0000000000000000       10.0000000000000000       0.33195219446568242       1.47336992541066439E-010
      0.0000000000000000        15.000000000000000       0.48916184659727185      -5.75498142431257192E-009
      0.0000000000000000        20.000000000000000       0.61260531270206464       7.89154471362517106E-009
      0.0000000000000000        25.000000000000000       0.70368176506326718       1.14134071111490762E-008
      0.0000000000000000        30.000000000000000       0.76898663265643286      -2.17858418418061779E-008
      0.0000000000000000        35.000000000000000       0.81669954485228236      -3.32651478984443905E-008
      0.0000000000000000        40.000000000000000       0.85168154054278966      -5.16442163388855193E-008
      0.0000000000000000        45.000000000000000       0.87800136731326617      -4.89453715570456327E-009
      0.0000000000000000        50.000000000000000       0.89816331508939928       4.88967365322777403E-008
