     0.83697493291429E-01
     0.82438334658848E-01
     0.78670165283524E-01
     0.72565425374836E-01
     0.64714067996153E-01
     0.56132391710486E-01
     0.47889971082937E-01
     0.40635043249258E-01
     0.34436055234558E-01
     0.29038442949634E-01
     0.24234631254064E-01
     0.20009517539312E-01
     0.16430951635202E-01
     0.13501819866957E-01
     0.11138390001882E-01
     0.92468446469656E-02
     0.77827046604652E-02
     0.67372458981913E-02
     0.60891571242184E-02
     0.57880523750511E-02
     0.57880523750511E-02
     0.60891571242184E-02
     0.67372458981913E-02
     0.77827046604652E-02
     0.92468446469656E-02
     0.11138390001882E-01
     0.13501819866957E-01
     0.16430951635202E-01
     0.20009517539312E-01
     0.24234631254064E-01
     0.29038442949634E-01
     0.34436055234558E-01
     0.40635043249258E-01
     0.47889971082937E-01
     0.56132391710486E-01
     0.64714067996152E-01
     0.72565425374836E-01
     0.78670165283524E-01
     0.82438334658847E-01
     0.83697493291429E-01
 
     0.83720654525047E-01
     0.85678658026009E-01
     0.83879030262286E-01
     0.78294501419238E-01
     0.70093704907710E-01
     0.61187759611944E-01
     0.53226622091486E-01
     0.46804362447613E-01
     0.41458335985377E-01
     0.36375217973780E-01
     0.31143405122156E-01
     0.25946263112339E-01
     0.21212483339713E-01
     0.17213606926154E-01
     0.13960083646117E-01
     0.11339878777155E-01
     0.92668301237762E-02
     0.77093729072741E-02
     0.66365526332696E-02
     0.59812285554471E-02
     0.56640052270667E-02
     0.56410511078483E-02
     0.59196207565034E-02
     0.65290988082657E-02
     0.74863904096799E-02
     0.87962611698628E-02
     0.10481797911675E-01
     0.12604329051858E-01
     0.15248465207661E-01
     0.18498142992089E-01
     0.22449092601264E-01
     0.27248275823822E-01
     0.33075778821750E-01
     0.40011147929862E-01
     0.47873733300953E-01
     0.56214731828503E-01
     0.64492387302256E-01
     0.72221020745382E-01
     0.78886775754731E-01
     0.83720654525047E-01
 
     0.82949246920703E-01
     0.86202418472964E-01
     0.84082099000812E-01
     0.77039857177142E-01
     0.67450567708510E-01
     0.58375249161717E-01
     0.51923052523170E-01
     0.48288006910920E-01
     0.45975617636917E-01
     0.43055562912253E-01
     0.38536550682907E-01
     0.32783015656062E-01
     0.26839399292016E-01
     0.21542994027673E-01
     0.17183745447027E-01
     0.13689338607576E-01
     0.10919351041485E-01
     0.87936988395121E-02
     0.72594463900480E-02
     0.62336041644998E-02
     0.56084583762829E-02
     0.52987877896862E-02
     0.52706028844994E-02
     0.55272838785331E-02
     0.60799174617496E-02
     0.69372263186302E-02
     0.81173875405066E-02
     0.96596097041101E-02
     0.11626582898376E-01
     0.14113637930703E-01
     0.17271597626567E-01
     0.21307847240793E-01
     0.26418716440338E-01
     0.32677358870565E-01
     0.39990604989547E-01
     0.48192559013860E-01
     0.57141354304476E-01
     0.66577478481259E-01
     0.75716430837688E-01
     0.82949246920703E-01
 
     0.79647889645580E-01
     0.81361729084360E-01
     0.76174119818399E-01
     0.65885812053721E-01
     0.54455595602940E-01
     0.45830581198152E-01
     0.42185896755774E-01
     0.43174542096467E-01
     0.46134523945642E-01
     0.47575440476197E-01
     0.45383604665085E-01
     0.39885115182570E-01
     0.32923053268136E-01
     0.26230380569665E-01
     0.20617700630777E-01
     0.16148816375624E-01
     0.12633234040352E-01
     0.99191195904593E-02
     0.79162177532823E-02
     0.65236080635171E-02
     0.56096695687187E-02
     0.50527070812730E-02
     0.47795288782386E-02
     0.47654199304664E-02
     0.50112059382165E-02
     0.55278324036816E-02
     0.63349010754261E-02
     0.74628322178729E-02
     0.89602039693140E-02
     0.10917953175540E-01
     0.13498059465205E-01
     0.16921115650872E-01
     0.21389675520319E-01
     0.27010499188723E-01
     0.33822019331541E-01
     0.41908672559770E-01
     0.51370920001803E-01
     0.61916342173478E-01
     0.72208445836862E-01
     0.79647889645580E-01
 
     0.73027943861337E-01
     0.70826163278321E-01
     0.60969891179358E-01
     0.47265407344101E-01
     0.34924828927828E-01
     0.27753559989382E-01
     0.27385351609200E-01
     0.33288499546406E-01
     0.42276293666401E-01
     0.49356694368820E-01
     0.50787277586634E-01
     0.46406573493635E-01
     0.38804507028741E-01
     0.30806617181169E-01
     0.23938306390104E-01
     0.18494922883920E-01
     0.14255283375410E-01
     0.10985134083671E-01
     0.85459615309754E-02
     0.68166886390883E-02
     0.56460505902630E-02
     0.48830559889534E-02
     0.44221295559918E-02
     0.42131773592005E-02
     0.42434851676182E-02
     0.45198620351985E-02
     0.50606917073133E-02
     0.58934505911799E-02
     0.70632134634760E-02
     0.86602176804138E-02
     0.10845736882671E-01
     0.13832282680957E-01
     0.17813895614419E-01
     0.22925735623369E-01
     0.29315604634704E-01
     0.37238082084226E-01
     0.46878116110258E-01
     0.57693660699631E-01
     0.67598400933538E-01
     0.73027943861337E-01
 
     0.64621472152580E-01
     0.57854260425997E-01
     0.43790913427884E-01
     0.28278550932358E-01
     0.16862924805801E-01
     0.11939777237578E-01
     0.14100698196971E-01
     0.23303351392467E-01
     0.36954605635768E-01
     0.49154437663914E-01
     0.54379685739791E-01
     0.51541823551546E-01
     0.43685900482141E-01
     0.34656844665530E-01
     0.26721623164332E-01
     0.20444561277763E-01
     0.15596173826176E-01
     0.11867318869644E-01
     0.90715263888214E-02
     0.70684508693520E-02
     0.56921383072086E-02
     0.47709600769582E-02
     0.41765703642154E-02
     0.38399851858207E-02
     0.37353464979484E-02
     0.38605120374045E-02
     0.42274748466286E-02
     0.48602468370526E-02
     0.58046877643241E-02
     0.71542203054803E-02
     0.90683887049723E-02
     0.11747365308551E-01
     0.15372478437817E-01
     0.20096365626515E-01
     0.26138801658246E-01
     0.33844401031262E-01
     0.43368125156798E-01
     0.53809956770864E-01
     0.62322664912228E-01
     0.64621472152580E-01
 
     0.57772649804281E-01
     0.47681995627959E-01
     0.31198440900328E-01
     0.15585672823639E-01
     0.60356028544966E-02
     0.31725600285217E-02
     0.65719434565463E-02
     0.16991723559366E-01
     0.32979300069358E-01
     0.48371004842400E-01
     0.56287745200768E-01
     0.54709908266869E-01
     0.46826829597053E-01
     0.37164885358705E-01
     0.28533917947319E-01
     0.21708486108424E-01
     0.16463032304046E-01
     0.12438160690554E-01
     0.94132608452568E-02
     0.72343430288643E-02
     0.57265936429426E-02
     0.47067234616936E-02
     0.40336538575413E-02
     0.36274605122983E-02
     0.34532719771132E-02
     0.35005998503572E-02
     0.37739445209861E-02
     0.42929994924929E-02
     0.51043020939231E-02
     0.63045287356053E-02
     0.80524794579366E-02
     0.10539695791634E-01
     0.13938519998741E-01
     0.18410854684435E-01
     0.24214388746729E-01
     0.31728875024490E-01
     0.41044726759395E-01
     0.50962798453192E-01
     0.58093488917603E-01
     0.57772649804281E-01
 
     0.55605852078340E-01
     0.44534054093636E-01
     0.27445258113654E-01
     0.12015311537915E-01
     0.32294514964828E-02
     0.10555812022734E-02
     0.47222138372671E-02
     0.15304390362809E-01
     0.31812459061228E-01
     0.48069964638392E-01
     0.56779215963106E-01
     0.55597278043442E-01
     0.47726111760594E-01
     0.37887817426655E-01
     0.29056535886561E-01
     0.22072385512062E-01
     0.16712343718697E-01
     0.12602413734835E-01
     0.95117860950672E-02
     0.72823866458145E-02
     0.57369405448506E-02
     0.46890472675241E-02
     0.39942517321563E-02
     0.35696775530971E-02
     0.33778264712943E-02
     0.34054733981463E-02
     0.36544365798087E-02
     0.41427388404631E-02
     0.49169929413114E-02
     0.60749128044459E-02
     0.77751815028781E-02
     0.10206893997400E-01
     0.13539840165825E-01
     0.17938388835387E-01
     0.23669964304851E-01
     0.31121252330324E-01
     0.40357887126000E-01
     0.50085573663270E-01
     0.56753471871840E-01
     0.55605852078340E-01
 
     0.59142897052045E-01
     0.49689840358201E-01
     0.33627372365468E-01
     0.17950113529922E-01
     0.79582618066464E-02
     0.46684289267578E-02
     0.78693472075386E-02
     0.18133766227798E-01
     0.33740648232310E-01
     0.48551038310175E-01
     0.55952774677575E-01
     0.54123770837099E-01
     0.46237635514849E-01
     0.36692432275696E-01
     0.28192452538872E-01
     0.21470597213553E-01
     0.16299992909218E-01
     0.12330764347879E-01
     0.93488844032558E-02
     0.72029966268068E-02
     0.57199176182073E-02
     0.47184512546748E-02
     0.40597954317499E-02
     0.36660034770195E-02
     0.35039162063469E-02
     0.35647569183497E-02
     0.38546509698445E-02
     0.43942726589814E-02
     0.52300713773540E-02
     0.64580647529018E-02
     0.82371553298258E-02
     0.10760501001476E-01
     0.14202129313767E-01
     0.18722288045465E-01
     0.24572023253052E-01
     0.32125801084553E-01
     0.41488765315221E-01
     0.51521849450104E-01
     0.58939784247507E-01
     0.59142897052045E-01
 
     0.66721934658864E-01
     0.61044160442171E-01
     0.47891467676537E-01
     0.32636963340928E-01
     0.20833049034537E-01
     0.15316596574909E-01
     0.16963706968356E-01
     0.25553517178992E-01
     0.38251327494260E-01
     0.49314746060776E-01
     0.53649977639922E-01
     0.50424428005008E-01
     0.42602669064260E-01
     0.33797688132993E-01
     0.26100855435141E-01
     0.20010747981095E-01
     0.15298252086240E-01
     0.11671229149451E-01
     0.89544131160788E-02
     0.70119381970955E-02
     0.56810071540213E-02
     0.47943023097966E-02
     0.42282140064178E-02
     0.39177565928379E-02
     0.38400976742998E-02
     0.39955139634307E-02
     0.43979382683612E-02
     0.50724195999265E-02
     0.60645380991529E-02
     0.74667766595049E-02
     0.94390290101274E-02
     0.12184392241101E-01
     0.15887228097242E-01
     0.20696675547172E-01
     0.26817958029298E-01
     0.34579519717081E-01
     0.44150486811121E-01
     0.54721710311597E-01
     0.63624243759185E-01
     0.66721934658864E-01
 
     0.74952799689020E-01
     0.73871563352803E-01
     0.65219644558184E-01
     0.52270190936799E-01
     0.39995622192339E-01
     0.32364040426439E-01
     0.31203305749796E-01
     0.35967725032951E-01
     0.43500895721746E-01
     0.49146299304726E-01
     0.49602217966250E-01
     0.44877628282592E-01
     0.37396136293697E-01
     0.29705256661975E-01
     0.23140913276255E-01
     0.17933856255489E-01
     0.13868330991051E-01
     0.10730725875636E-01
     0.83950870085521E-02
     0.67454604108941E-02
     0.56350635785442E-02
     0.49194561099850E-02
     0.45003214454805E-02
     0.43334102233177E-02
     0.44095185733916E-02
     0.47370976066198E-02
     0.53353544502526E-02
     0.62323944443637E-02
     0.74735030781141E-02
     0.91485876211071E-02
     0.11419389578235E-01
     0.14501327850672E-01
     0.18591401488932E-01
     0.23818767259661E-01
     0.30307299846563E-01
     0.38277163548124E-01
     0.47905441564123E-01
     0.58728314695604E-01
     0.68856895241765E-01
     0.74952799689020E-01
 
     0.80787888188429E-01
     0.83154176801448E-01
     0.78955310020305E-01
     0.69576200807619E-01
     0.58578366405396E-01
     0.49755430830254E-01
     0.45318062516931E-01
     0.45042573286378E-01
     0.46531452375795E-01
     0.46703402227271E-01
     0.43779337466357E-01
     0.38129708835028E-01
     0.31391606475093E-01
     0.25047311790277E-01
     0.19755023024177E-01
     0.15534578092673E-01
     0.12206628587391E-01
     0.96389151460287E-02
     0.77518476590731E-02
     0.64492525695528E-02
     0.56050980357762E-02
     0.51062144744423E-02
     0.48887361210142E-02
     0.49349077888546E-02
     0.52485349321580E-02
     0.58405306951485E-02
     0.67301220451386E-02
     0.79490349102129E-02
     0.95482070251022E-02
     0.11619598574012E-01
     0.14324290067425E-01
     0.17882463491757E-01
     0.22496793431160E-01
     0.28265373358746E-01
     0.35194428544604E-01
     0.43312457973012E-01
     0.52674759936492E-01
     0.63019856454564E-01
     0.73172690062074E-01
     0.80787888188429E-01
 
     0.83312035378599E-01
     0.86490725028842E-01
     0.84715579920025E-01
     0.78239359462726E-01
     0.69080849347515E-01
     0.60010200712201E-01
     0.53047149397353E-01
     0.48513596181537E-01
     0.45209678350144E-01
     0.41537556305040E-01
     0.36697269289998E-01
     0.31018768189018E-01
     0.25369510510962E-01
     0.20413270791705E-01
     0.16348374770035E-01
     0.13084621420164E-01
     0.10495489348405E-01
     0.85154848552483E-02
     0.70985998195623E-02
     0.61659206289316E-02
     0.56163719131066E-02
     0.53747153259503E-02
     0.54172847582799E-02
     0.57543263248899E-02
     0.63987562833069E-02
     0.73581585241295E-02
     0.86509113314113E-02
     0.10320333583976E-01
     0.12434429979686E-01
     0.15088658276826E-01
     0.18426108045635E-01
     0.22644599900932E-01
     0.27936375408334E-01
     0.34369142596980E-01
     0.41819384819594E-01
     0.50050297755982E-01
     0.58834094853264E-01
     0.67880127335795E-01
     0.76499620932452E-01
     0.83312035378599E-01
 
     0.83729775066747E-01
     0.85007304635097E-01
     0.82884106606344E-01
     0.77331377524671E-01
     0.69315540924470E-01
     0.60490148279287E-01
     0.52362520919020E-01
     0.45572562855878E-01
     0.39839608824218E-01
     0.34538443659645E-01
     0.29335343858532E-01
     0.24360480022497E-01
     0.19929271946130E-01
     0.16222180965715E-01
     0.13212273493284E-01
     0.10788511877253E-01
     0.88768436772883E-02
     0.74536839809101E-02
     0.64914027707167E-02
     0.59268137212942E-02
     0.56883864971320E-02
     0.57431147528048E-02
     0.61082990541183E-02
     0.68190785258230E-02
     0.78933784325483E-02
     0.93357687685574E-02
     0.11172824894363E-01
     0.13473565188482E-01
     0.16326586619033E-01
     0.19804633950815E-01
     0.23975979085745E-01
     0.28961925335893E-01
     0.34941624966586E-01
     0.42015269253523E-01
     0.50003293390930E-01
     0.58393027502927E-01
     0.66520946839701E-01
     0.73799982316309E-01
     0.79734067524320E-01
     0.83729775066747E-01
 
     0.83703596648881E-01
     0.81519929769839E-01
     0.77056428420866E-01
     0.70606032874127E-01
     0.62700230032589E-01
     0.54190125343714E-01
     0.46004214104234E-01
     0.38757760623776E-01
     0.32577996204839E-01
     0.27280788885361E-01
     0.22675325466835E-01
     0.18706217918064E-01
     0.15385507049371E-01
     0.12682137465692E-01
     0.10506821844391E-01
     0.87739104794676E-02
     0.74462018568911E-02
     0.65173279413756E-02
     0.59672700371216E-02
     0.57504023755946E-02
     0.58300727750157E-02
     0.62173337864188E-02
     0.69669594328743E-02
     0.81338165298478E-02
     0.97408329143138E-02
     0.11800289286409E-01
     0.14365272242865E-01
     0.17536983988426E-01
     0.21387905025741E-01
     0.25869928802932E-01
     0.30846957355453E-01
     0.36289264252096E-01
     0.42431836856387E-01
     0.49623739505193E-01
     0.57882035011463E-01
     0.66541646287420E-01
     0.74388123524054E-01
     0.80216473732279E-01
     0.83346925076529E-01
     0.83703596648881E-01
 
     0.83667046843659E-01
     0.78070917857702E-01
     0.70702360465216E-01
     0.62520807896936E-01
     0.54078960482180E-01
     0.45779909691485E-01
     0.38051826233398E-01
     0.31274777505150E-01
     0.25618456369312E-01
     0.21013935064376E-01
     0.17277872294022E-01
     0.14242237005916E-01
     0.11790471332783E-01
     0.98319028408891E-02
     0.82871163060999E-02
     0.71017099030278E-02
     0.62550229723249E-02
     0.57416073208821E-02
     0.55456856907691E-02
     0.56439607225500E-02
     0.60393995886784E-02
     0.67865067558098E-02
     0.79722137109913E-02
     0.96675610859033E-02
     0.11907619759739E-01
     0.14733587475636E-01
     0.18244572886492E-01
     0.22549969645558E-01
     0.27590195720929E-01
     0.32983662080479E-01
     0.38171806757576E-01
     0.42918494937248E-01
     0.47736782631926E-01
     0.53664490361141E-01
     0.61379937443365E-01
     0.70358095281254E-01
     0.78813349545342E-01
     0.84558791600937E-01
     0.86182362362506E-01
     0.83667046843659E-01
 
     0.82423430654427E-01
     0.74912289568278E-01
     0.65339713013267E-01
     0.55553053643049E-01
     0.46450247218535E-01
     0.38275814072871E-01
     0.31095666611285E-01
     0.25007175117297E-01
     0.20070871391115E-01
     0.16206083534692E-01
     0.13213259850356E-01
     0.10878399892556E-01
     0.90455240134477E-02
     0.76202114128389E-02
     0.65444601270652E-02
     0.57822884402996E-02
     0.53153318112180E-02
     0.51338631608435E-02
     0.52289250745812E-02
     0.56041440763523E-02
     0.63037060666321E-02
     0.74225071880573E-02
     0.90746281556201E-02
     0.11347279973413E-01
     0.14301323300043E-01
     0.18032937548316E-01
     0.22696176968882E-01
     0.28339241626844E-01
     0.34564956707491E-01
     0.40340998119335E-01
     0.44433561434816E-01
     0.46457149379423E-01
     0.47629328143303E-01
     0.50242844842228E-01
     0.56097893269118E-01
     0.65138947421275E-01
     0.75192201788211E-01
     0.82920545827236E-01
     0.85566623586510E-01
     0.82423430654427E-01
 
     0.78287699992851E-01
     0.71168586793593E-01
     0.60837464366542E-01
     0.50146385354211E-01
     0.40606269305275E-01
     0.32554411691664E-01
     0.25855286483689E-01
     0.20373762548459E-01
     0.16040829898788E-01
     0.12741566922165E-01
     0.10274523556072E-01
     0.84199760690372E-02
     0.70156837055883E-02
     0.59714132550387E-02
     0.52402450229790E-02
     0.47927095452286E-02
     0.46090305323230E-02
     0.46786602354419E-02
     0.50039704392321E-02
     0.56164598031909E-02
     0.65982088275735E-02
     0.80789857931537E-02
     0.10195739010413E-01
     0.13054292319256E-01
     0.16756286187133E-01
     0.21473825249576E-01
     0.27407270461037E-01
     0.34442584628294E-01
     0.41603977066059E-01
     0.46894734591112E-01
     0.48268918867834E-01
     0.45474060338719E-01
     0.40991804012326E-01
     0.38718349139935E-01
     0.41538631047972E-01
     0.49899896410365E-01
     0.61702185771687E-01
     0.72911727263959E-01
     0.79193533248218E-01
     0.78287699992851E-01
 
     0.70981433647130E-01
     0.66291147007612E-01
     0.56675619577149E-01
     0.45909241379982E-01
     0.36276688922338E-01
     0.28405349456842E-01
     0.22109771462286E-01
     0.17106091991713E-01
     0.13224997287763E-01
     0.10326032284322E-01
     0.82183539283090E-02
     0.66925779448293E-02
     0.55879244609117E-02
     0.48135708049999E-02
     0.43244004140800E-02
     0.40936326663808E-02
     0.41040664082034E-02
     0.43508561028391E-02
     0.48502011334880E-02
     0.56576214592673E-02
     0.68853374617799E-02
     0.86903440290691E-02
     0.11228079281698E-01
     0.14624696297461E-01
     0.19031261094818E-01
     0.24702192079885E-01
     0.31862629757678E-01
     0.40150080050196E-01
     0.47847675507280E-01
     0.51856480803137E-01
     0.49439761373823E-01
     0.40959323068017E-01
     0.30609028407332E-01
     0.23676521049754E-01
     0.23302909274091E-01
     0.29959855004748E-01
     0.42241379416533E-01
     0.56590568035630E-01
     0.67617836277247E-01
     0.70981433647130E-01
 
     0.62619635139304E-01
     0.61085747523877E-01
     0.52961653863390E-01
     0.42658544747357E-01
     0.33187890718813E-01
     0.25536783501468E-01
     0.19566559522732E-01
     0.14919869547328E-01
     0.11364523009684E-01
     0.87448851657267E-02
     0.68823997993219E-02
     0.55795610334990E-02
     0.46771033474204E-02
     0.40806707796241E-02
     0.37441533349561E-02
     0.36446510440617E-02
     0.37721890275288E-02
     0.41312874327648E-02
     0.47505635200638E-02
     0.57024956909984E-02
     0.71195330975272E-02
     0.91770501904204E-02
     0.12043791602577E-01
     0.15864226747719E-01
     0.20835147943654E-01
     0.27281128734560E-01
     0.35431242802609E-01
     0.44659138675548E-01
     0.52534914725646E-01
     0.55003496455043E-01
     0.48959986830729E-01
     0.35750222909481E-01
     0.21299860848912E-01
     0.11623587591661E-01
     0.90347415239877E-02
     0.13375033339676E-01
     0.24336520785852E-01
     0.39990756691605E-01
     0.54845287207166E-01
     0.62619635139304E-01
 
     0.56706237395473E-01
     0.57434303546478E-01
     0.50530146923997E-01
     0.40704534366346E-01
     0.31426978050126E-01
     0.23943432871071E-01
     0.18175465435581E-01
     0.13739703846149E-01
     0.10373556387989E-01
     0.79138852723738E-02
     0.61896214902857E-02
     0.50104442030497E-02
     0.42176177726720E-02
     0.37139541466636E-02
     0.34528686640023E-02
     0.34154717416781E-02
     0.35985663562556E-02
     0.40139836478524E-02
     0.46978998397844E-02
     0.57317176184548E-02
     0.72582098251153E-02
     0.94622258261900E-02
     0.12519807459089E-01
     0.16586966216168E-01
     0.21889363041576E-01
     0.28793646256390E-01
     0.37524192453445E-01
     0.47274132229291E-01
     0.55152379561198E-01
     0.56535165341826E-01
     0.48225104562181E-01
     0.32399273377801E-01
     0.16143287065576E-01
     0.56310552794865E-02
     0.20931352193427E-02
     0.46191602825962E-02
     0.13803016893823E-01
     0.29337999999540E-01
     0.46128583682170E-01
     0.56706237395473E-01
 
     0.55976465133246E-01
     0.56982858964674E-01
     0.50235115795903E-01
     0.40474171238569E-01
     0.31223599170870E-01
     0.23761409469688E-01
     0.18017609344314E-01
     0.13606583261113E-01
     0.10262509851139E-01
     0.78214302245213E-02
     0.61131275912513E-02
     0.49480979056065E-02
     0.41676419551377E-02
     0.36742226407497E-02
     0.34212342412621E-02
     0.33903577853626E-02
     0.35793068943971E-02
     0.40008362828973E-02
     0.46920016358860E-02
     0.57351886518567E-02
     0.72742930338263E-02
     0.94951992906228E-02
     0.12574770734859E-01
     0.16670389375866E-01
     0.22011137556637E-01
     0.28968551908407E-01
     0.37766125961732E-01
     0.47574929913297E-01
     0.55448710643054E-01
     0.56698245909492E-01
     0.48122698987513E-01
     0.32008762357542E-01
     0.15582810757539E-01
     0.50213399307293E-02
     0.13964628704699E-02
     0.36894358936532E-02
     0.12611601493658E-01
     0.28079705726234E-01
     0.45070151935812E-01
     0.55976465133246E-01
 
     0.60775056239396E-01
     0.59947223003397E-01
     0.52193390770938E-01
     0.42029376750746E-01
     0.32613610280757E-01
     0.25013717036699E-01
     0.19108076212020E-01
     0.14529545790865E-01
     0.11035546704195E-01
     0.84679152782486E-02
     0.66505433258284E-02
     0.53882762781861E-02
     0.45220598931256E-02
     0.39566601343403E-02
     0.36457683158055E-02
     0.35676184213519E-02
     0.37142268397854E-02
     0.40923547700066E-02
     0.47330661426161E-02
     0.57118266778926E-02
     0.71645666008466E-02
     0.92698468393996E-02
     0.12198825094163E-01
     0.16099664063592E-01
     0.21178400588574E-01
     0.27773249334005E-01
     0.36112332256847E-01
     0.45512602703049E-01
     0.53397335170189E-01
     0.55526228079914E-01
     0.48752617858961E-01
     0.34670488098000E-01
     0.19571498204176E-01
     0.95475914998283E-02
     0.66140984034504E-02
     0.10402958019922E-01
     0.20877650501065E-01
     0.36578221083926E-01
     0.52099078700245E-01
     0.60775056239396E-01
 
     0.68861332526889E-01
     0.64957367135102E-01
     0.55681420448782E-01
     0.44999131050690E-01
     0.35390670988985E-01
     0.27573368582059E-01
     0.21367475738421E-01
     0.16464644599126E-01
     0.12676442190127E-01
     0.98577728658067E-02
     0.78210660485241E-02
     0.63601196584156E-02
     0.53146234212828E-02
     0.45929829063956E-02
     0.41498860727164E-02
     0.39593568414531E-02
     0.40056986282601E-02
     0.42862732339185E-02
     0.48206738890553E-02
     0.56693928337937E-02
     0.69506645687030E-02
     0.88269282681897E-02
     0.11457471169917E-01
     0.14973401816613E-01
     0.19538111539923E-01
     0.25425408684354E-01
     0.32863024876302E-01
     0.41420204018384E-01
     0.49190187446659E-01
     0.52810041954757E-01
     0.49417848873184E-01
     0.39601244321283E-01
     0.28007663018533E-01
     0.20175586436671E-01
     0.19126428946418E-01
     0.25226757989518E-01
     0.37325819358894E-01
     0.52193766846041E-01
     0.64328207744234E-01
     0.68861332526889E-01
 
     0.76716122601808E-01
     0.70050270738265E-01
     0.59776121919244E-01
     0.48993371116387E-01
     0.39398016118427E-01
     0.31384994964513E-01
     0.24793435350539E-01
     0.19442952388034E-01
     0.15235976280668E-01
     0.12050097192555E-01
     0.96857809768752E-02
     0.79251237603576E-02
     0.66060217250706E-02
     0.56385824727351E-02
     0.49769451395025E-02
     0.45923721969349E-02
     0.44652002418089E-02
     0.45857185084041E-02
     0.49596618780656E-02
     0.56250624766073E-02
     0.66723923367804E-02
     0.82390102269990E-02
     0.10466922024003E-01
     0.13466978140650E-01
     0.17352776492260E-01
     0.22317111808035E-01
     0.28568792269158E-01
     0.35937856688900E-01
     0.43272568721427E-01
     0.48303247799506E-01
     0.48788945220255E-01
     0.44582528781312E-01
     0.38563331017867E-01
     0.35019607215418E-01
     0.37004688877375E-01
     0.45034442441687E-01
     0.57124829968954E-01
     0.69232662930389E-01
     0.76681096951336E-01
     0.76716122601808E-01
 
     0.81709354558307E-01
     0.74069692237854E-01
     0.64157417636054E-01
     0.54066208768824E-01
     0.44824494737179E-01
     0.36677591216589E-01
     0.29625650184354E-01
     0.23700971099521E-01
     0.18930588150856E-01
     0.15225270039845E-01
     0.12383327684456E-01
     0.10186640634952E-01
     0.84759880754448E-02
     0.71581799897244E-02
     0.61791457644290E-02
     0.55053538203916E-02
     0.51180363988369E-02
     0.50067071689529E-02
     0.51648404499950E-02
     0.56031347153556E-02
     0.63757616875811E-02
     0.75869460614537E-02
     0.93568729956345E-02
     0.11777144751789E-01
     0.14917524505081E-01
     0.18891645809328E-01
     0.23866629989491E-01
     0.29860003660584E-01
     0.36351697030830E-01
     0.42093810110184E-01
     0.45653762386576E-01
     0.46642634259196E-01
     0.46540498963993E-01
     0.48026366960356E-01
     0.53205799478885E-01
     0.62165286765444E-01
     0.72695772856048E-01
     0.81211457640898E-01
     0.84555607618851E-01
     0.81709354558307E-01
 
     0.83540993353881E-01
     0.77279252981081E-01
     0.69254294645109E-01
     0.60629747159881E-01
     0.52016910745360E-01
     0.43754114709943E-01
     0.36164712866820E-01
     0.29557450607144E-01
     0.24082092695964E-01
     0.19672928182509E-01
     0.16142259259658E-01
     0.13305236324923E-01
     0.11029877484365E-01
     0.92220073790174E-02
     0.78079215488054E-02
     0.67392406269907E-02
     0.59968175770245E-02
     0.55742099471085E-02
     0.54569509818824E-02
     0.56281368631045E-02
     0.61010663131574E-02
     0.69407257275677E-02
     0.82412680153657E-02
     0.10077639621531E-01
     0.12489907261940E-01
     0.15530583046193E-01
     0.19312319357423E-01
     0.23937469199223E-01
     0.29284208484970E-01
     0.34840526087825E-01
     0.39901388062216E-01
     0.44180789733666E-01
     0.48320190276712E-01
     0.53619134069133E-01
     0.61003149694192E-01
     0.70038692199330E-01
     0.78815427589320E-01
     0.84857678736699E-01
     0.86469183888002E-01
     0.83540993353882E-01
 
     0.83718096021225E-01
     0.80613836874604E-01
     0.75420868009170E-01
     0.68573303077340E-01
     0.60572292892404E-01
     0.52126282799464E-01
     0.44028019942559E-01
     0.36846597692614E-01
     0.30745012204885E-01
     0.25589352100527E-01
     0.21197524432884E-01
     0.17478715217376E-01
     0.14400093112589E-01
     0.11905995589025E-01
     0.99059180651445E-02
     0.83226233048164E-02
     0.71248611400291E-02
     0.63075885058049E-02
     0.58518770600000E-02
     0.57171760639149E-02
     0.58763707314461E-02
     0.63515283670251E-02
     0.72059740210520E-02
     0.84988228654169E-02
     0.10255068056728E-01
     0.12491900388163E-01
     0.15272297105966E-01
     0.18703434337590E-01
     0.22839372671731E-01
     0.27573487026919E-01
     0.32687570786388E-01
     0.38103143177793E-01
     0.44096178711759E-01
     0.51138119344461E-01
     0.59361556791538E-01
     0.68103433396626E-01
     0.76002576196752E-01
     0.81641402358351E-01
     0.84215662086386E-01
     0.83718096021225E-01
 
     0.83718096021225E-01
     0.84215662086386E-01
     0.81641402358351E-01
     0.76002576196752E-01
     0.68103433396625E-01
     0.59361556791538E-01
     0.51138119344461E-01
     0.44096178711759E-01
     0.38103143177793E-01
     0.32687570786388E-01
     0.27573487026919E-01
     0.22839372671731E-01
     0.18703434337590E-01
     0.15272297105966E-01
     0.12491900388163E-01
     0.10255068056728E-01
     0.84988228654169E-02
     0.72059740210519E-02
     0.63515283670251E-02
     0.58763707314461E-02
     0.57171760639150E-02
     0.58518770600000E-02
     0.63075885058049E-02
     0.71248611400291E-02
     0.83226233048165E-02
     0.99059180651445E-02
     0.11905995589025E-01
     0.14400093112589E-01
     0.17478715217376E-01
     0.21197524432884E-01
     0.25589352100527E-01
     0.30745012204885E-01
     0.36846597692614E-01
     0.44028019942559E-01
     0.52126282799464E-01
     0.60572292892404E-01
     0.68573303077340E-01
     0.75420868009170E-01
     0.80613836874604E-01
     0.83718096021225E-01
 
     0.83540993353882E-01
     0.86469183888002E-01
     0.84857678736698E-01
     0.78815427589320E-01
     0.70038692199331E-01
     0.61003149694192E-01
     0.53619134069133E-01
     0.48320190276712E-01
     0.44180789733666E-01
     0.39901388062216E-01
     0.34840526087824E-01
     0.29284208484970E-01
     0.23937469199223E-01
     0.19312319357423E-01
     0.15530583046193E-01
     0.12489907261940E-01
     0.10077639621531E-01
     0.82412680153657E-02
     0.69407257275677E-02
     0.61010663131574E-02
     0.56281368631044E-02
     0.54569509818824E-02
     0.55742099471085E-02
     0.59968175770245E-02
     0.67392406269907E-02
     0.78079215488054E-02
     0.92220073790173E-02
     0.11029877484365E-01
     0.13305236324923E-01
     0.16142259259658E-01
     0.19672928182509E-01
     0.24082092695964E-01
     0.29557450607144E-01
     0.36164712866820E-01
     0.43754114709943E-01
     0.52016910745360E-01
     0.60629747159881E-01
     0.69254294645109E-01
     0.77279252981081E-01
     0.83540993353881E-01
 
     0.81709354558307E-01
     0.84555607618851E-01
     0.81211457640898E-01
     0.72695772856048E-01
     0.62165286765444E-01
     0.53205799478885E-01
     0.48026366960356E-01
     0.46540498963993E-01
     0.46642634259196E-01
     0.45653762386576E-01
     0.42093810110184E-01
     0.36351697030830E-01
     0.29860003660584E-01
     0.23866629989491E-01
     0.18891645809328E-01
     0.14917524505081E-01
     0.11777144751789E-01
     0.93568729956345E-02
     0.75869460614537E-02
     0.63757616875811E-02
     0.56031347153556E-02
     0.51648404499950E-02
     0.50067071689529E-02
     0.51180363988370E-02
     0.55053538203916E-02
     0.61791457644290E-02
     0.71581799897244E-02
     0.84759880754449E-02
     0.10186640634952E-01
     0.12383327684456E-01
     0.15225270039845E-01
     0.18930588150856E-01
     0.23700971099521E-01
     0.29625650184354E-01
     0.36677591216590E-01
     0.44824494737179E-01
     0.54066208768824E-01
     0.64157417636054E-01
     0.74069692237854E-01
     0.81709354558307E-01
 
     0.76716122601808E-01
     0.76681096951336E-01
     0.69232662930389E-01
     0.57124829968954E-01
     0.45034442441687E-01
     0.37004688877375E-01
     0.35019607215418E-01
     0.38563331017867E-01
     0.44582528781312E-01
     0.48788945220255E-01
     0.48303247799506E-01
     0.43272568721427E-01
     0.35937856688900E-01
     0.28568792269158E-01
     0.22317111808035E-01
     0.17352776492260E-01
     0.13466978140650E-01
     0.10466922024003E-01
     0.82390102269991E-02
     0.66723923367804E-02
     0.56250624766073E-02
     0.49596618780656E-02
     0.45857185084041E-02
     0.44652002418089E-02
     0.45923721969349E-02
     0.49769451395025E-02
     0.56385824727351E-02
     0.66060217250706E-02
     0.79251237603576E-02
     0.96857809768753E-02
     0.12050097192555E-01
     0.15235976280668E-01
     0.19442952388034E-01
     0.24793435350539E-01
     0.31384994964513E-01
     0.39398016118426E-01
     0.48993371116386E-01
     0.59776121919244E-01
     0.70050270738265E-01
     0.76716122601808E-01
 
     0.68861332526889E-01
     0.64328207744234E-01
     0.52193766846041E-01
     0.37325819358894E-01
     0.25226757989519E-01
     0.19126428946418E-01
     0.20175586436671E-01
     0.28007663018533E-01
     0.39601244321283E-01
     0.49417848873184E-01
     0.52810041954757E-01
     0.49190187446659E-01
     0.41420204018384E-01
     0.32863024876302E-01
     0.25425408684354E-01
     0.19538111539922E-01
     0.14973401816613E-01
     0.11457471169917E-01
     0.88269282681897E-02
     0.69506645687031E-02
     0.56693928337937E-02
     0.48206738890553E-02
     0.42862732339185E-02
     0.40056986282601E-02
     0.39593568414531E-02
     0.41498860727164E-02
     0.45929829063956E-02
     0.53146234212828E-02
     0.63601196584157E-02
     0.78210660485242E-02
     0.98577728658067E-02
     0.12676442190127E-01
     0.16464644599126E-01
     0.21367475738421E-01
     0.27573368582059E-01
     0.35390670988985E-01
     0.44999131050690E-01
     0.55681420448782E-01
     0.64957367135102E-01
     0.68861332526889E-01
 
     0.60775056239396E-01
     0.52099078700245E-01
     0.36578221083926E-01
     0.20877650501065E-01
     0.10402958019922E-01
     0.66140984034505E-02
     0.95475914998283E-02
     0.19571498204176E-01
     0.34670488098000E-01
     0.48752617858961E-01
     0.55526228079914E-01
     0.53397335170189E-01
     0.45512602703049E-01
     0.36112332256847E-01
     0.27773249334005E-01
     0.21178400588574E-01
     0.16099664063592E-01
     0.12198825094163E-01
     0.92698468393997E-02
     0.71645666008466E-02
     0.57118266778926E-02
     0.47330661426161E-02
     0.40923547700066E-02
     0.37142268397854E-02
     0.35676184213519E-02
     0.36457683158055E-02
     0.39566601343403E-02
     0.45220598931256E-02
     0.53882762781861E-02
     0.66505433258284E-02
     0.84679152782486E-02
     0.11035546704195E-01
     0.14529545790865E-01
     0.19108076212020E-01
     0.25013717036699E-01
     0.32613610280757E-01
     0.42029376750746E-01
     0.52193390770938E-01
     0.59947223003397E-01
     0.60775056239396E-01
 
     0.55976465133246E-01
     0.45070151935812E-01
     0.28079705726234E-01
     0.12611601493658E-01
     0.36894358936533E-02
     0.13964628704699E-02
     0.50213399307292E-02
     0.15582810757539E-01
     0.32008762357542E-01
     0.48122698987514E-01
     0.56698245909492E-01
     0.55448710643054E-01
     0.47574929913297E-01
     0.37766125961732E-01
     0.28968551908407E-01
     0.22011137556637E-01
     0.16670389375866E-01
     0.12574770734859E-01
     0.94951992906228E-02
     0.72742930338263E-02
     0.57351886518567E-02
     0.46920016358860E-02
     0.40008362828973E-02
     0.35793068943970E-02
     0.33903577853627E-02
     0.34212342412621E-02
     0.36742226407497E-02
     0.41676419551377E-02
     0.49480979056066E-02
     0.61131275912513E-02
     0.78214302245213E-02
     0.10262509851139E-01
     0.13606583261113E-01
     0.18017609344314E-01
     0.23761409469688E-01
     0.31223599170870E-01
     0.40474171238569E-01
     0.50235115795903E-01
     0.56982858964674E-01
     0.55976465133246E-01
 
     0.56706237395473E-01
     0.46128583682170E-01
     0.29337999999540E-01
     0.13803016893823E-01
     0.46191602825963E-02
     0.20931352193427E-02
     0.56310552794865E-02
     0.16143287065575E-01
     0.32399273377801E-01
     0.48225104562181E-01
     0.56535165341826E-01
     0.55152379561198E-01
     0.47274132229291E-01
     0.37524192453445E-01
     0.28793646256390E-01
     0.21889363041576E-01
     0.16586966216168E-01
     0.12519807459089E-01
     0.94622258261900E-02
     0.72582098251153E-02
     0.57317176184548E-02
     0.46978998397844E-02
     0.40139836478524E-02
     0.35985663562556E-02
     0.34154717416781E-02
     0.34528686640023E-02
     0.37139541466635E-02
     0.42176177726720E-02
     0.50104442030497E-02
     0.61896214902858E-02
     0.79138852723738E-02
     0.10373556387989E-01
     0.13739703846149E-01
     0.18175465435581E-01
     0.23943432871071E-01
     0.31426978050126E-01
     0.40704534366346E-01
     0.50530146923997E-01
     0.57434303546478E-01
     0.56706237395473E-01
 
     0.62619635139304E-01
     0.54845287207166E-01
     0.39990756691605E-01
     0.24336520785852E-01
     0.13375033339676E-01
     0.90347415239877E-02
     0.11623587591661E-01
     0.21299860848912E-01
     0.35750222909481E-01
     0.48959986830729E-01
     0.55003496455043E-01
     0.52534914725646E-01
     0.44659138675548E-01
     0.35431242802609E-01
     0.27281128734560E-01
     0.20835147943654E-01
     0.15864226747719E-01
     0.12043791602577E-01
     0.91770501904204E-02
     0.71195330975272E-02
     0.57024956909984E-02
     0.47505635200639E-02
     0.41312874327648E-02
     0.37721890275288E-02
     0.36446510440617E-02
     0.37441533349561E-02
     0.40806707796241E-02
     0.46771033474204E-02
     0.55795610334991E-02
     0.68823997993219E-02
     0.87448851657267E-02
     0.11364523009683E-01
     0.14919869547328E-01
     0.19566559522732E-01
     0.25536783501468E-01
     0.33187890718813E-01
     0.42658544747357E-01
     0.52961653863390E-01
     0.61085747523877E-01
     0.62619635139303E-01
 
     0.70981433647130E-01
     0.67617836277247E-01
     0.56590568035630E-01
     0.42241379416533E-01
     0.29959855004748E-01
     0.23302909274091E-01
     0.23676521049754E-01
     0.30609028407332E-01
     0.40959323068017E-01
     0.49439761373823E-01
     0.51856480803137E-01
     0.47847675507280E-01
     0.40150080050197E-01
     0.31862629757678E-01
     0.24702192079885E-01
     0.19031261094818E-01
     0.14624696297461E-01
     0.11228079281698E-01
     0.86903440290691E-02
     0.68853374617800E-02
     0.56576214592672E-02
     0.48502011334880E-02
     0.43508561028391E-02
     0.41040664082033E-02
     0.40936326663807E-02
     0.43244004140800E-02
     0.48135708049999E-02
     0.55879244609117E-02
     0.66925779448293E-02
     0.82183539283090E-02
     0.10326032284322E-01
     0.13224997287763E-01
     0.17106091991713E-01
     0.22109771462286E-01
     0.28405349456842E-01
     0.36276688922338E-01
     0.45909241379982E-01
     0.56675619577149E-01
     0.66291147007612E-01
     0.70981433647130E-01
 
     0.78287699992851E-01
     0.79193533248218E-01
     0.72911727263959E-01
     0.61702185771687E-01
     0.49899896410365E-01
     0.41538631047972E-01
     0.38718349139935E-01
     0.40991804012326E-01
     0.45474060338719E-01
     0.48268918867834E-01
     0.46894734591112E-01
     0.41603977066059E-01
     0.34442584628294E-01
     0.27407270461037E-01
     0.21473825249576E-01
     0.16756286187133E-01
     0.13054292319256E-01
     0.10195739010413E-01
     0.80789857931537E-02
     0.65982088275735E-02
     0.56164598031908E-02
     0.50039704392321E-02
     0.46786602354418E-02
     0.46090305323230E-02
     0.47927095452286E-02
     0.52402450229789E-02
     0.59714132550387E-02
     0.70156837055883E-02
     0.84199760690372E-02
     0.10274523556073E-01
     0.12741566922165E-01
     0.16040829898788E-01
     0.20373762548459E-01
     0.25855286483689E-01
     0.32554411691664E-01
     0.40606269305275E-01
     0.50146385354211E-01
     0.60837464366542E-01
     0.71168586793593E-01
     0.78287699992851E-01
 
     0.82423430654427E-01
     0.85566623586510E-01
     0.82920545827236E-01
     0.75192201788211E-01
     0.65138947421275E-01
     0.56097893269118E-01
     0.50242844842228E-01
     0.47629328143303E-01
     0.46457149379423E-01
     0.44433561434816E-01
     0.40340998119335E-01
     0.34564956707491E-01
     0.28339241626844E-01
     0.22696176968882E-01
     0.18032937548316E-01
     0.14301323300043E-01
     0.11347279973413E-01
     0.90746281556201E-02
     0.74225071880573E-02
     0.63037060666321E-02
     0.56041440763523E-02
     0.52289250745812E-02
     0.51338631608435E-02
     0.53153318112180E-02
     0.57822884402996E-02
     0.65444601270652E-02
     0.76202114128389E-02
     0.90455240134478E-02
     0.10878399892556E-01
     0.13213259850356E-01
     0.16206083534692E-01
     0.20070871391115E-01
     0.25007175117297E-01
     0.31095666611285E-01
     0.38275814072871E-01
     0.46450247218535E-01
     0.55553053643049E-01
     0.65339713013267E-01
     0.74912289568278E-01
     0.82423430654427E-01
 
     0.83667046843659E-01
     0.86182362362506E-01
     0.84558791600937E-01
     0.78813349545342E-01
     0.70358095281254E-01
     0.61379937443365E-01
     0.53664490361141E-01
     0.47736782631926E-01
     0.42918494937248E-01
     0.38171806757576E-01
     0.32983662080479E-01
     0.27590195720929E-01
     0.22549969645558E-01
     0.18244572886492E-01
     0.14733587475636E-01
     0.11907619759739E-01
     0.96675610859033E-02
     0.79722137109913E-02
     0.67865067558098E-02
     0.60393995886784E-02
     0.56439607225500E-02
     0.55456856907691E-02
     0.57416073208821E-02
     0.62550229723249E-02
     0.71017099030278E-02
     0.82871163060999E-02
     0.98319028408891E-02
     0.11790471332783E-01
     0.14242237005916E-01
     0.17277872294022E-01
     0.21013935064376E-01
     0.25618456369312E-01
     0.31274777505150E-01
     0.38051826233398E-01
     0.45779909691485E-01
     0.54078960482180E-01
     0.62520807896936E-01
     0.70702360465216E-01
     0.78070917857702E-01
     0.83667046843659E-01
 
     0.83703596648881E-01
     0.83346925076529E-01
     0.80216473732280E-01
     0.74388123524054E-01
     0.66541646287420E-01
     0.57882035011463E-01
     0.49623739505193E-01
     0.42431836856387E-01
     0.36289264252096E-01
     0.30846957355453E-01
     0.25869928802932E-01
     0.21387905025741E-01
     0.17536983988426E-01
     0.14365272242865E-01
     0.11800289286409E-01
     0.97408329143138E-02
     0.81338165298478E-02
     0.69669594328743E-02
     0.62173337864189E-02
     0.58300727750157E-02
     0.57504023755946E-02
     0.59672700371216E-02
     0.65173279413756E-02
     0.74462018568911E-02
     0.87739104794676E-02
     0.10506821844391E-01
     0.12682137465692E-01
     0.15385507049371E-01
     0.18706217918064E-01
     0.22675325466835E-01
     0.27280788885361E-01
     0.32577996204839E-01
     0.38757760623776E-01
     0.46004214104234E-01
     0.54190125343714E-01
     0.62700230032589E-01
     0.70606032874127E-01
     0.77056428420866E-01
     0.81519929769839E-01
     0.83703596648881E-01
 
     0.83729775066747E-01
     0.79734067524320E-01
     0.73799982316309E-01
     0.66520946839701E-01
     0.58393027502927E-01
     0.50003293390930E-01
     0.42015269253523E-01
     0.34941624966586E-01
     0.28961925335893E-01
     0.23975979085745E-01
     0.19804633950815E-01
     0.16326586619033E-01
     0.13473565188483E-01
     0.11172824894363E-01
     0.93357687685574E-02
     0.78933784325483E-02
     0.68190785258230E-02
     0.61082990541183E-02
     0.57431147528048E-02
     0.56883864971320E-02
     0.59268137212942E-02
     0.64914027707167E-02
     0.74536839809101E-02
     0.88768436772883E-02
     0.10788511877253E-01
     0.13212273493284E-01
     0.16222180965715E-01
     0.19929271946130E-01
     0.24360480022496E-01
     0.29335343858532E-01
     0.34538443659645E-01
     0.39839608824218E-01
     0.45572562855878E-01
     0.52362520919020E-01
     0.60490148279287E-01
     0.69315540924470E-01
     0.77331377524671E-01
     0.82884106606344E-01
     0.85007304635097E-01
     0.83729775066747E-01
 
     0.83312035378599E-01
     0.76499620932452E-01
     0.67880127335795E-01
     0.58834094853264E-01
     0.50050297755982E-01
     0.41819384819594E-01
     0.34369142596980E-01
     0.27936375408334E-01
     0.22644599900932E-01
     0.18426108045635E-01
     0.15088658276826E-01
     0.12434429979686E-01
     0.10320333583976E-01
     0.86509113314113E-02
     0.73581585241295E-02
     0.63987562833069E-02
     0.57543263248899E-02
     0.54172847582799E-02
     0.53747153259504E-02
     0.56163719131066E-02
     0.61659206289316E-02
     0.70985998195623E-02
     0.85154848552483E-02
     0.10495489348405E-01
     0.13084621420164E-01
     0.16348374770035E-01
     0.20413270791705E-01
     0.25369510510962E-01
     0.31018768189018E-01
     0.36697269289998E-01
     0.41537556305040E-01
     0.45209678350143E-01
     0.48513596181536E-01
     0.53047149397353E-01
     0.60010200712201E-01
     0.69080849347515E-01
     0.78239359462726E-01
     0.84715579920025E-01
     0.86490725028842E-01
     0.83312035378599E-01
 
     0.80787888188429E-01
     0.73172690062074E-01
     0.63019856454564E-01
     0.52674759936492E-01
     0.43312457973012E-01
     0.35194428544604E-01
     0.28265373358746E-01
     0.22496793431160E-01
     0.17882463491757E-01
     0.14324290067426E-01
     0.11619598574012E-01
     0.95482070251022E-02
     0.79490349102129E-02
     0.67301220451386E-02
     0.58405306951485E-02
     0.52485349321580E-02
     0.49349077888546E-02
     0.48887361210142E-02
     0.51062144744423E-02
     0.56050980357762E-02
     0.64492525695528E-02
     0.77518476590730E-02
     0.96389151460287E-02
     0.12206628587391E-01
     0.15534578092673E-01
     0.19755023024177E-01
     0.25047311790277E-01
     0.31391606475093E-01
     0.38129708835028E-01
     0.43779337466357E-01
     0.46703402227271E-01
     0.46531452375795E-01
     0.45042573286378E-01
     0.45318062516931E-01
     0.49755430830254E-01
     0.58578366405396E-01
     0.69576200807619E-01
     0.78955310020305E-01
     0.83154176801448E-01
     0.80787888188429E-01
 
     0.74952799689020E-01
     0.68856895241765E-01
     0.58728314695604E-01
     0.47905441564123E-01
     0.38277163548125E-01
     0.30307299846563E-01
     0.23818767259661E-01
     0.18591401488932E-01
     0.14501327850672E-01
     0.11419389578235E-01
     0.91485876211071E-02
     0.74735030781141E-02
     0.62323944443637E-02
     0.53353544502526E-02
     0.47370976066198E-02
     0.44095185733916E-02
     0.43334102233178E-02
     0.45003214454806E-02
     0.49194561099850E-02
     0.56350635785442E-02
     0.67454604108941E-02
     0.83950870085521E-02
     0.10730725875636E-01
     0.13868330991051E-01
     0.17933856255489E-01
     0.23140913276255E-01
     0.29705256661975E-01
     0.37396136293697E-01
     0.44877628282592E-01
     0.49602217966250E-01
     0.49146299304726E-01
     0.43500895721746E-01
     0.35967725032951E-01
     0.31203305749796E-01
     0.32364040426439E-01
     0.39995622192339E-01
     0.52270190936799E-01
     0.65219644558184E-01
     0.73871563352803E-01
     0.74952799689020E-01
 
     0.66721934658864E-01
     0.63624243759185E-01
     0.54721710311597E-01
     0.44150486811121E-01
     0.34579519717081E-01
     0.26817958029298E-01
     0.20696675547172E-01
     0.15887228097242E-01
     0.12184392241101E-01
     0.94390290101275E-02
     0.74667766595048E-02
     0.60645380991528E-02
     0.50724195999265E-02
     0.43979382683612E-02
     0.39955139634307E-02
     0.38400976742998E-02
     0.39177565928379E-02
     0.42282140064178E-02
     0.47943023097966E-02
     0.56810071540213E-02
     0.70119381970954E-02
     0.89544131160788E-02
     0.11671229149451E-01
     0.15298252086240E-01
     0.20010747981095E-01
     0.26100855435141E-01
     0.33797688132993E-01
     0.42602669064261E-01
     0.50424428005008E-01
     0.53649977639922E-01
     0.49314746060777E-01
     0.38251327494260E-01
     0.25553517178992E-01
     0.16963706968356E-01
     0.15316596574909E-01
     0.20833049034537E-01
     0.32636963340928E-01
     0.47891467676538E-01
     0.61044160442171E-01
     0.66721934658864E-01
 
     0.59142897052045E-01
     0.58939784247507E-01
     0.51521849450104E-01
     0.41488765315221E-01
     0.32125801084553E-01
     0.24572023253052E-01
     0.18722288045466E-01
     0.14202129313768E-01
     0.10760501001476E-01
     0.82371553298258E-02
     0.64580647529018E-02
     0.52300713773540E-02
     0.43942726589814E-02
     0.38546509698445E-02
     0.35647569183497E-02
     0.35039162063469E-02
     0.36660034770195E-02
     0.40597954317499E-02
     0.47184512546748E-02
     0.57199176182073E-02
     0.72029966268067E-02
     0.93488844032558E-02
     0.12330764347879E-01
     0.16299992909218E-01
     0.21470597213553E-01
     0.28192452538872E-01
     0.36692432275696E-01
     0.46237635514849E-01
     0.54123770837099E-01
     0.55952774677575E-01
     0.48551038310175E-01
     0.33740648232310E-01
     0.18133766227798E-01
     0.78693472075387E-02
     0.46684289267578E-02
     0.79582618066464E-02
     0.17950113529922E-01
     0.33627372365468E-01
     0.49689840358201E-01
     0.59142897052045E-01
 
     0.55605852078340E-01
     0.56753471871840E-01
     0.50085573663270E-01
     0.40357887126000E-01
     0.31121252330324E-01
     0.23669964304851E-01
     0.17938388835387E-01
     0.13539840165825E-01
     0.10206893997400E-01
     0.77751815028781E-02
     0.60749128044459E-02
     0.49169929413114E-02
     0.41427388404631E-02
     0.36544365798088E-02
     0.34054733981463E-02
     0.33778264712943E-02
     0.35696775530971E-02
     0.39942517321563E-02
     0.46890472675241E-02
     0.57369405448506E-02
     0.72823866458144E-02
     0.95117860950672E-02
     0.12602413734835E-01
     0.16712343718697E-01
     0.22072385512062E-01
     0.29056535886561E-01
     0.37887817426655E-01
     0.47726111760594E-01
     0.55597278043442E-01
     0.56779215963106E-01
     0.48069964638392E-01
     0.31812459061228E-01
     0.15304390362809E-01
     0.47222138372672E-02
     0.10555812022734E-02
     0.32294514964827E-02
     0.12015311537915E-01
     0.27445258113654E-01
     0.44534054093636E-01
     0.55605852078340E-01
 
     0.57772649804281E-01
     0.58093488917603E-01
     0.50962798453192E-01
     0.41044726759395E-01
     0.31728875024490E-01
     0.24214388746729E-01
     0.18410854684435E-01
     0.13938519998742E-01
     0.10539695791634E-01
     0.80524794579366E-02
     0.63045287356053E-02
     0.51043020939231E-02
     0.42929994924929E-02
     0.37739445209861E-02
     0.35005998503572E-02
     0.34532719771132E-02
     0.36274605122983E-02
     0.40336538575414E-02
     0.47067234616935E-02
     0.57265936429426E-02
     0.72343430288643E-02
     0.94132608452568E-02
     0.12438160690554E-01
     0.16463032304046E-01
     0.21708486108424E-01
     0.28533917947319E-01
     0.37164885358705E-01
     0.46826829597053E-01
     0.54709908266869E-01
     0.56287745200768E-01
     0.48371004842400E-01
     0.32979300069358E-01
     0.16991723559366E-01
     0.65719434565462E-02
     0.31725600285217E-02
     0.60356028544965E-02
     0.15585672823639E-01
     0.31198440900328E-01
     0.47681995627959E-01
     0.57772649804281E-01
 
     0.64621472152580E-01
     0.62322664912228E-01
     0.53809956770864E-01
     0.43368125156798E-01
     0.33844401031262E-01
     0.26138801658246E-01
     0.20096365626515E-01
     0.15372478437817E-01
     0.11747365308551E-01
     0.90683887049723E-02
     0.71542203054803E-02
     0.58046877643241E-02
     0.48602468370526E-02
     0.42274748466287E-02
     0.38605120374044E-02
     0.37353464979484E-02
     0.38399851858207E-02
     0.41765703642154E-02
     0.47709600769582E-02
     0.56921383072086E-02
     0.70684508693519E-02
     0.90715263888214E-02
     0.11867318869644E-01
     0.15596173826176E-01
     0.20444561277763E-01
     0.26721623164332E-01
     0.34656844665530E-01
     0.43685900482141E-01
     0.51541823551546E-01
     0.54379685739791E-01
     0.49154437663914E-01
     0.36954605635768E-01
     0.23303351392467E-01
     0.14100698196971E-01
     0.11939777237578E-01
     0.16862924805801E-01
     0.28278550932358E-01
     0.43790913427883E-01
     0.57854260425997E-01
     0.64621472152580E-01
 
     0.73027943861337E-01
     0.67598400933538E-01
     0.57693660699631E-01
     0.46878116110258E-01
     0.37238082084226E-01
     0.29315604634705E-01
     0.22925735623369E-01
     0.17813895614419E-01
     0.13832282680957E-01
     0.10845736882671E-01
     0.86602176804138E-02
     0.70632134634760E-02
     0.58934505911799E-02
     0.50606917073133E-02
     0.45198620351985E-02
     0.42434851676182E-02
     0.42131773592005E-02
     0.44221295559918E-02
     0.48830559889534E-02
     0.56460505902630E-02
     0.68166886390883E-02
     0.85459615309754E-02
     0.10985134083671E-01
     0.14255283375410E-01
     0.18494922883920E-01
     0.23938306390104E-01
     0.30806617181169E-01
     0.38804507028741E-01
     0.46406573493635E-01
     0.50787277586634E-01
     0.49356694368820E-01
     0.42276293666401E-01
     0.33288499546406E-01
     0.27385351609200E-01
     0.27753559989382E-01
     0.34924828927828E-01
     0.47265407344101E-01
     0.60969891179358E-01
     0.70826163278321E-01
     0.73027943861337E-01
 
     0.79647889645580E-01
     0.72208445836862E-01
     0.61916342173478E-01
     0.51370920001804E-01
     0.41908672559770E-01
     0.33822019331541E-01
     0.27010499188723E-01
     0.21389675520319E-01
     0.16921115650872E-01
     0.13498059465205E-01
     0.10917953175540E-01
     0.89602039693139E-02
     0.74628322178729E-02
     0.63349010754261E-02
     0.55278324036816E-02
     0.50112059382165E-02
     0.47654199304665E-02
     0.47795288782387E-02
     0.50527070812730E-02
     0.56096695687188E-02
     0.65236080635171E-02
     0.79162177532822E-02
     0.99191195904593E-02
     0.12633234040352E-01
     0.16148816375624E-01
     0.20617700630777E-01
     0.26230380569665E-01
     0.32923053268136E-01
     0.39885115182570E-01
     0.45383604665085E-01
     0.47575440476197E-01
     0.46134523945642E-01
     0.43174542096467E-01
     0.42185896755773E-01
     0.45830581198152E-01
     0.54455595602940E-01
     0.65885812053721E-01
     0.76174119818399E-01
     0.81361729084360E-01
     0.79647889645580E-01
 
     0.82949246920704E-01
     0.75716430837688E-01
     0.66577478481259E-01
     0.57141354304476E-01
     0.48192559013860E-01
     0.39990604989547E-01
     0.32677358870565E-01
     0.26418716440338E-01
     0.21307847240793E-01
     0.17271597626567E-01
     0.14113637930703E-01
     0.11626582898376E-01
     0.96596097041100E-02
     0.81173875405067E-02
     0.69372263186302E-02
     0.60799174617496E-02
     0.55272838785331E-02
     0.52706028844993E-02
     0.52987877896862E-02
     0.56084583762829E-02
     0.62336041644998E-02
     0.72594463900480E-02
     0.87936988395121E-02
     0.10919351041486E-01
     0.13689338607576E-01
     0.17183745447027E-01
     0.21542994027673E-01
     0.26839399292016E-01
     0.32783015656062E-01
     0.38536550682907E-01
     0.43055562912253E-01
     0.45975617636917E-01
     0.48288006910920E-01
     0.51923052523170E-01
     0.58375249161717E-01
     0.67450567708510E-01
     0.77039857177142E-01
     0.84082099000812E-01
     0.86202418472964E-01
     0.82949246920703E-01
 
     0.83720654525047E-01
     0.78886775754731E-01
     0.72221020745382E-01
     0.64492387302256E-01
     0.56214731828503E-01
     0.47873733300953E-01
     0.40011147929862E-01
     0.33075778821750E-01
     0.27248275823822E-01
     0.22449092601264E-01
     0.18498142992089E-01
     0.15248465207660E-01
     0.12604329051858E-01
     0.10481797911675E-01
     0.87962611698628E-02
     0.74863904096799E-02
     0.65290988082657E-02
     0.59196207565034E-02
     0.56410511078483E-02
     0.56640052270668E-02
     0.59812285554471E-02
     0.66365526332696E-02
     0.77093729072742E-02
     0.92668301237762E-02
     0.11339878777155E-01
     0.13960083646117E-01
     0.17213606926154E-01
     0.21212483339713E-01
     0.25946263112339E-01
     0.31143405122156E-01
     0.36375217973780E-01
     0.41458335985378E-01
     0.46804362447613E-01
     0.53226622091486E-01
     0.61187759611944E-01
     0.70093704907710E-01
     0.78294501419238E-01
     0.83879030262286E-01
     0.85678658026009E-01
     0.83720654525047E-01
 
     0.83697493291429E-01
     0.82438334658848E-01
     0.78670165283524E-01
     0.72565425374836E-01
     0.64714067996152E-01
     0.56132391710486E-01
     0.47889971082937E-01
     0.40635043249258E-01
     0.34436055234558E-01
     0.29038442949634E-01
     0.24234631254064E-01
     0.20009517539312E-01
     0.16430951635202E-01
     0.13501819866957E-01
     0.11138390001882E-01
     0.92468446469656E-02
     0.77827046604653E-02
     0.67372458981913E-02
     0.60891571242184E-02
     0.57880523750511E-02
     0.57880523750511E-02
     0.60891571242184E-02
     0.67372458981913E-02
     0.77827046604652E-02
     0.92468446469656E-02
     0.11138390001882E-01
     0.13501819866957E-01
     0.16430951635202E-01
     0.20009517539312E-01
     0.24234631254064E-01
     0.29038442949634E-01
     0.34436055234558E-01
     0.40635043249258E-01
     0.47889971082937E-01
     0.56132391710486E-01
     0.64714067996152E-01
     0.72565425374836E-01
     0.78670165283524E-01
     0.82438334658847E-01
     0.83697493291429E-01
