    -0.88570303756512E+00
    -0.82164406083837E+00
    -0.64591939976938E+00
    -0.40114949955657E+00
    -0.14368134530699E+00
     0.72981816194605E-01
     0.21278387486402E+00
     0.26508616815543E+00
     0.24387379717139E+00
     0.17925336453537E+00
     0.10493183374095E+00
     0.46492256374385E-01
     0.14551590784924E-01
     0.46751512569682E-02
     0.31635550611854E-02
    -0.43737234511865E-02
    -0.25552804200057E-01
    -0.57924204963779E-01
    -0.90883750574529E-01
    -0.11146825773354E+00
    -0.11106556859952E+00
    -0.89786914719847E-01
    -0.56424297056902E-01
    -0.24009977129761E-01
    -0.30826931319834E-02
     0.40779776219242E-02
     0.52909750423881E-02
     0.15098543825915E-01
     0.47238294265232E-01
     0.10605425951295E+00
     0.18074795144774E+00
     0.24554006350717E+00
     0.26659614590143E+00
     0.21380770428805E+00
     0.73319988605990E-01
    -0.14401274481616E+00
    -0.40191609915643E+00
    -0.64675140042746E+00
    -0.82217359838939E+00
    -0.88570303756512E+00
 
    -0.82163597263999E+00
    -0.76072921454406E+00
    -0.59359843882957E+00
    -0.36090427655877E+00
    -0.11664131780784E+00
     0.87798767050674E-01
     0.21776429970385E+00
     0.26314111167178E+00
     0.23769034462300E+00
     0.17088319998217E+00
     0.95761259702896E-01
     0.37482477848341E-01
     0.65485796055996E-02
    -0.14049640374628E-02
    -0.49090783485320E-04
    -0.39870976032152E-02
    -0.21352107040478E-01
    -0.50403281066397E-01
    -0.81195639907932E-01
    -0.10111740533609E+00
    -0.10144911974822E+00
    -0.81773299255411E-01
    -0.50155172603825E-01
    -0.19023235671543E-01
     0.12855759731924E-02
     0.81868045328406E-02
     0.88227903424772E-02
     0.17027186907802E-01
     0.46213283234650E-01
     0.10110315332350E+00
     0.17204662756236E+00
     0.23493567526683E+00
     0.25762247223840E+00
     0.21109475667358E+00
     0.81513552933322E-01
    -0.12151864884646E+00
    -0.36404132416914E+00
    -0.59523888969847E+00
    -0.76136557420663E+00
    -0.82163597263999E+00
 
    -0.64774374448982E+00
    -0.59617556348550E+00
    -0.45400016240778E+00
    -0.25664193460223E+00
    -0.51272125856002E-01
     0.11730843987226E+00
     0.21924072404026E+00
     0.24655048530787E+00
     0.21252641048565E+00
     0.14435477969206E+00
     0.72158662111738E-01
     0.18634881166711E-01
    -0.70884412082673E-02
    -0.96404682692353E-02
    -0.23238380515618E-02
     0.58541418489536E-03
    -0.92850647247046E-02
    -0.31134552739061E-01
    -0.56361406572881E-01
    -0.73537175271618E-01
    -0.74425974327610E-01
    -0.58152676392561E-01
    -0.31572660621992E-01
    -0.56976678601702E-02
     0.10108851781910E-01
     0.13355736045159E-01
     0.10414484480604E-01
     0.13997070632195E-01
     0.36867043503081E-01
     0.84344768817334E-01
     0.14897301182019E+00
     0.21010310774775E+00
     0.23932086811275E+00
     0.21025451669297E+00
     0.10934626611674E+00
    -0.56551431383311E-01
    -0.25901660316581E+00
    -0.45438868019038E+00
    -0.59590666375291E+00
    -0.64774374448982E+00
 
    -0.40865109166983E+00
    -0.37107878918625E+00
    -0.26545871294065E+00
    -0.11959277872603E+00
     0.29446392541305E-01
     0.14671653236765E+00
     0.20956832768374E+00
     0.21320524302736E+00
     0.17003089178741E+00
     0.10345107364218E+00
     0.38732159381453E-01
    -0.56019958893825E-02
    -0.22814252664072E-01
    -0.17986810010154E-01
    -0.36079309873643E-02
     0.70580689694178E-02
     0.59142410548782E-02
    -0.70835038652494E-02
    -0.25006985625838E-01
    -0.38158356603552E-01
    -0.39248306322323E-01
    -0.27082202236024E-01
    -0.70549432244920E-02
     0.11738993679514E-01
     0.21392327070256E-01
     0.19714653557041E-01
     0.12131104428339E-01
     0.97882277905268E-02
     0.24392903194512E-01
     0.61858501450136E-01
     0.11756472509412E+00
     0.17559858665174E+00
     0.21285757116408E+00
     0.20692755102407E+00
     0.14498529731588E+00
     0.30313748813533E-01
    -0.11632448814170E+00
    -0.26143207548890E+00
    -0.36836839147486E+00
    -0.40865109166983E+00
 
    -0.16192444848668E+00
    -0.14059871869852E+00
    -0.76353855214037E-01
     0.11767952751059E-01
     0.98373080529755E-01
     0.15992218417240E+00
     0.18202106014228E+00
     0.16330407065361E+00
     0.11471910598380E+00
     0.54725647050308E-01
     0.23705023174456E-02
    -0.29131865248003E-01
    -0.36039809986428E-01
    -0.23864527339040E-01
    -0.37484642653568E-02
     0.12825714699477E-01
     0.18744591564623E-01
     0.13548392424994E-01
     0.25762448838423E-02
    -0.63797209518200E-02
    -0.72382450029109E-02
     0.13347220859786E-02
     0.15387469110289E-01
     0.27850315454841E-01
     0.32375112016393E-01
     0.27024299008933E-01
     0.16000272224446E-01
     0.84264202645214E-02
     0.14483369949040E-01
     0.40424485655887E-01
     0.84616781391559E-01
     0.13648674665705E+00
     0.17916709981612E+00
     0.19515378169823E+00
     0.17298701075322E+00
     0.11240342380210E+00
     0.25829326107651E-01
    -0.64629668936391E-01
    -0.13387434518609E+00
    -0.16192444848668E+00
 
     0.40208001054041E-01
     0.45684386810513E-01
     0.70725626783174E-01
     0.10485891945127E+00
     0.13414596849836E+00
     0.14617510456495E+00
     0.13444155207184E+00
     0.10052501559608E+00
     0.53321352654135E-01
     0.56991162184221E-02
    -0.30099120418009E-01
    -0.46567822224943E-01
    -0.43073248051505E-01
    -0.25338659249479E-01
    -0.26507129473574E-02
     0.15984645046715E-01
     0.25168769542778E-01
     0.24647454101674E-01
     0.18579762659484E-01
     0.13014514534475E-01
     0.12773614972618E-01
     0.19141830175754E-01
     0.29368128384989E-01
     0.38168502025554E-01
     0.40531155868344E-01
     0.34538082367509E-01
     0.22882208087149E-01
     0.12296716531913E-01
     0.11003914102490E-01
     0.25165630732101E-01
     0.55806592322853E-01
     0.97570046356872E-01
     0.13997874995982E+00
     0.17087871714198E+00
     0.18083557104310E+00
     0.16680570417045E+00
     0.13361158300584E+00
     0.92548725927269E-01
     0.57539930617628E-01
     0.40208001054041E-01
 
     0.16577004411649E+00
     0.15804412051716E+00
     0.15157182692646E+00
     0.14312959174740E+00
     0.12848014462622E+00
     0.10454836287070E+00
     0.71236581096078E-01
     0.32103242071512E-01
    -0.64229834686813E-02
    -0.37036451635052E-01
    -0.54010008637918E-01
    -0.55172104706183E-01
    -0.42641308961180E-01
    -0.22032827340045E-01
    -0.44321385112645E-03
     0.16010827975127E-01
     0.24161541485254E-01
     0.24537306122954E-01
     0.20651605971331E-01
     0.17177802005781E-01
     0.17788765534933E-01
     0.23557320318898E-01
     0.32567727977826E-01
     0.40881504125452E-01
     0.44438772923515E-01
     0.41086911740465E-01
     0.31869148494337E-01
     0.21001343657835E-01
     0.14496512323212E-01
     0.17949462980330E-01
     0.34344841257387E-01
     0.62758230826396E-01
     0.98477420832867E-01
     0.13451539561013E+00
     0.16393980692802E+00
     0.18212435884413E+00
     0.18806352107581E+00
     0.18426888062989E+00
     0.17533223044759E+00
     0.16577004411649E+00
 
     0.20944847332623E+00
     0.19257204202783E+00
     0.16526676895891E+00
     0.12950889747732E+00
     0.88026985619569E-01
     0.44356019012941E-01
     0.27098692089499E-02
    -0.32466307267641E-01
    -0.57258104809529E-01
    -0.69180557607793E-01
    -0.67914448749812E-01
    -0.55573290023728E-01
    -0.36317207126490E-01
    -0.15347107169562E-01
     0.24560895656028E-02
     0.13828388820642E-01
     0.17927382328274E-01
     0.16364614065670E-01
     0.12444961023845E-01
     0.98702788141217E-02
     0.11358128851231E-01
     0.17661320395286E-01
     0.27333899575780E-01
     0.37322975201989E-01
     0.44169854624810E-01
     0.45386389411447E-01
     0.40512159773269E-01
     0.31475521995955E-01
     0.22131238474844E-01
     0.17136189150845E-01
     0.20547245026525E-01
     0.34604129161094E-01
     0.59073289072624E-01
     0.91316876866777E-01
     0.12699864988879E+00
     0.16114084883514E+00
     0.18917100059534E+00
     0.20766151251266E+00
     0.21462895697243E+00
     0.20944847332623E+00
 
     0.18903862594743E+00
     0.16747662530318E+00
     0.13029247636508E+00
     0.82371604966290E-01
     0.30355238024580E-01
    -0.18596660979771E-01
    -0.58124525702099E-01
    -0.83796897199180E-01
    -0.93818940224731E-01
    -0.89188391127943E-01
    -0.73286898649026E-01
    -0.51015759355323E-01
    -0.27679231168198E-01
    -0.78658779991697E-02
     0.54305431770414E-02
     0.11271048312057E-01
     0.10732685986760E-01
     0.64067445340032E-02
     0.15739555202931E-02
    -0.73296694311426E-03
     0.14515805453468E-02
     0.85231921866576E-02
     0.19239353480729E-01
     0.31097872977812E-01
     0.41063885739703E-01
     0.46460688485841E-01
     0.45796542509417E-01
     0.39310973951036E-01
     0.29088239123166E-01
     0.18688220026940E-01
     0.12362346901991E-01
     0.14026449854168E-01
     0.26228446345003E-01
     0.49359789264069E-01
     0.81311714685654E-01
     0.11768058068097E+00
     0.15250281213017E+00
     0.17937773276788E+00
     0.19274444031967E+00
     0.18903862594743E+00
 
     0.13451314652631E+00
     0.11229510821982E+00
     0.74326544586944E-01
     0.26325975781727E-01
    -0.23913403516910E-01
    -0.68253020632772E-01
    -0.99991639291457E-01
    -0.11524464903692E+00
    -0.11358770566219E+00
    -0.97846609935037E-01
    -0.73150695988572E-01
    -0.45552299724805E-01
    -0.20599084295566E-01
    -0.22137683505600E-02
     0.78904006315034E-02
     0.10200959767485E-01
     0.69055448850594E-02
     0.11024595435190E-02
    -0.40475558881565E-02
    -0.60376552626848E-02
    -0.34846146110906E-02
     0.36842716072073E-02
     0.14307307121011E-01
     0.26281335014970E-01
     0.37019018745722E-01
     0.44013984572459E-01
     0.45441686114155E-01
     0.40695669073693E-01
     0.30732531632529E-01
     0.18097371632592E-01
     0.65445454006896E-02
     0.26000641887817E-03
     0.28128628112158E-02
     0.16077294344744E-01
     0.39426939729499E-01
     0.69478282443537E-01
     0.10053970833240E+00
     0.12573444974615E+00
     0.13856239802219E+00
     0.13451314652631E+00
 
     0.74995524814133E-01
     0.55190046338120E-01
     0.22546893449345E-01
    -0.17911709906078E-01
    -0.59272648067499E-01
    -0.94326186920435E-01
    -0.11723419123450E+00
    -0.12482166688237E+00
    -0.11715736169217E+00
    -0.97302582531593E-01
    -0.70347804152726E-01
    -0.42047657682047E-01
    -0.17449958081758E-01
     0.12487320683549E-03
     0.95376708883708E-02
     0.11687527771089E-01
     0.89099419053152E-02
     0.41537410455567E-02
     0.18498506747364E-03
    -0.99922385842354E-03
     0.15325136648488E-02
     0.76211597957143E-02
     0.16189469741570E-01
     0.25527537652672E-01
     0.33634159218106E-01
     0.38589193555659E-01
     0.38944648974495E-01
     0.34103401211122E-01
     0.24614475922372E-01
     0.12279596172444E-01
    -0.32519256513056E-04
    -0.89122263089655E-02
    -0.11220991036015E-01
    -0.50170610759874E-02
     0.96643123285208E-02
     0.30447719713936E-01
     0.52860926338379E-01
     0.71210918401184E-01
     0.79921537898593E-01
     0.74995524814133E-01
 
     0.29169482085926E-01
     0.13710459815699E-01
    -0.10605651169107E-01
    -0.40272004736274E-01
    -0.70351135084782E-01
    -0.95566510667244E-01
    -0.11150781992932E+00
    -0.11562682504089E+00
    -0.10775840918467E+00
    -0.90039086325683E-01
    -0.66268808771789E-01
    -0.40916228286910E-01
    -0.18055167079755E-01
    -0.51703171824425E-03
     0.10542917134185E-01
     0.15604469892262E-01
     0.16345249535659E-01
     0.14984547567684E-01
     0.13617029142551E-01
     0.13709660655149E-01
     0.15855086583908E-01
     0.19784223357617E-01
     0.24572125162457E-01
     0.28942270694589E-01
     0.31584441026105E-01
     0.31433832785321E-01
     0.27891482681836E-01
     0.20981222812425E-01
     0.11432166782956E-01
     0.65840638645392E-03
    -0.94021766174787E-02
    -0.16613533914757E-01
    -0.19111087745542E-01
    -0.15832819859399E-01
    -0.69736519611381E-02
     0.57956699955454E-02
     0.19470187920067E-01
     0.30249473443406E-01
     0.34389487698314E-01
     0.29169482085926E-01
 
     0.24916889324290E-02
    -0.77392616083073E-02
    -0.23291350599301E-01
    -0.42285623516114E-01
    -0.61930139367839E-01
    -0.79024525368629E-01
    -0.90607063595982E-01
    -0.94589462624040E-01
    -0.90214022754629E-01
    -0.78207212153458E-01
    -0.60583652870560E-01
    -0.40151690555681E-01
    -0.19855753674118E-01
    -0.21347152858243E-02
     0.11534620313375E-01
     0.20800277346364E-01
     0.26286199631285E-01
     0.29205088129371E-01
     0.30869585385645E-01
     0.32255245885602E-01
     0.33737274236755E-01
     0.35057313913893E-01
     0.35500821162390E-01
     0.34205010556113E-01
     0.30489500348033E-01
     0.24111021746623E-01
     0.15381105510381E-01
     0.51343263825051E-02
    -0.54237042150604E-02
    -0.14937021251194E-01
    -0.22136280056464E-01
    -0.26053592868869E-01
    -0.26194021378768E-01
    -0.22652909338614E-01
    -0.16168021225396E-01
    -0.80887205602898E-02
    -0.24068806014015E-03
     0.53264235539754E-02
     0.66954156364761E-02
     0.24916889324290E-02
 
    -0.88993478838609E-02
    -0.13879168363256E-01
    -0.22022920529651E-01
    -0.32623495323317E-01
    -0.44457839278439E-01
    -0.55864795943334E-01
    -0.64961275253637E-01
    -0.69977379904498E-01
    -0.69637275786189E-01
    -0.63478087378510E-01
    -0.52001116464470E-01
    -0.36591904812689E-01
    -0.19215831212280E-01
    -0.19698054043283E-02
     0.13379077228939E-01
     0.25730091016132E-01
     0.34763478388998E-01
     0.40810854693471E-01
     0.44541971220910E-01
     0.46589288542654E-01
     0.47248880543435E-01
     0.46363560513553E-01
     0.43424217547225E-01
     0.37844168233159E-01
     0.29298603781130E-01
     0.17999285756454E-01
     0.48002693950647E-02
    -0.89073522066333E-02
    -0.21478940514023E-01
    -0.31385680575746E-01
    -0.37553702693123E-01
    -0.39575170526583E-01
    -0.37744098320927E-01
    -0.32931055781270E-01
    -0.26359275803562E-01
    -0.19363136201800E-01
    -0.13195010839094E-01
    -0.89085060161723E-02
    -0.73043699637332E-02
    -0.88993478838609E-02
 
    -0.10820553036429E-01
    -0.11190973157380E-01
    -0.14389735372545E-01
    -0.20083296500213E-01
    -0.27580244541997E-01
    -0.35797953215845E-01
    -0.43323449897214E-01
    -0.48601104855181E-01
    -0.50227510736988E-01
    -0.47280685209829E-01
    -0.39580164258783E-01
    -0.27782319738866E-01
    -0.13261969725475E-01
     0.21983645081904E-02
     0.16822304257802E-01
     0.29228242037596E-01
     0.38670571069428E-01
     0.45062138095709E-01
     0.48784223912317E-01
     0.50366346893882E-01
     0.50163970924155E-01
     0.48160320308415E-01
     0.43969404858810E-01
     0.37039372375431E-01
     0.26977734539354E-01
     0.13871960674914E-01
    -0.15217660595077E-02
    -0.17802321719905E-01
    -0.33164764761469E-01
    -0.45786933987816E-01
    -0.54240298832909E-01
    -0.57798972893391E-01
    -0.56560304809385E-01
    -0.51357596836835E-01
    -0.43513949286859E-01
    -0.34530637235245E-01
    -0.25809235019059E-01
    -0.18475360230350E-01
    -0.13319510477086E-01
    -0.10820553036429E-01
 
    -0.48288033102472E-02
    -0.17301068648821E-02
    -0.30254758806089E-02
    -0.78847802445718E-02
    -0.14990029996543E-01
    -0.22741630360537E-01
    -0.29485997364324E-01
    -0.33748999248972E-01
    -0.34455098163580E-01
    -0.31102180240890E-01
    -0.23854718108893E-01
    -0.13521689686999E-01
    -0.14051840788148E-02
     0.10961710124364E-01
     0.22133142594369E-01
     0.31044719919481E-01
     0.37200666919380E-01
     0.40695836334779E-01
     0.42062271342455E-01
     0.41986289535601E-01
     0.40987605085537E-01
     0.39169762288010E-01
     0.36132748416732E-01
     0.31088129878689E-01
     0.23150112095083E-01
     0.11714788057910E-01
    -0.31944513615630E-02
    -0.20732482676865E-01
    -0.39262923153952E-01
    -0.56619808666495E-01
    -0.70536773819311E-01
    -0.79130221667342E-01
    -0.81308634002750E-01
    -0.77004349024054E-01
    -0.67177119765179E-01
    -0.53602142529895E-01
    -0.38508744596713E-01
    -0.24164513958986E-01
    -0.12498212951708E-01
    -0.48288033102472E-02
 
     0.13233856540760E-01
     0.18352490379112E-01
     0.15860978034150E-01
     0.77514064865398E-02
    -0.31056166052158E-02
    -0.13666151053517E-01
    -0.21364983217218E-01
    -0.24571744235525E-01
    -0.22779005857775E-01
    -0.16527644318218E-01
    -0.71352158555901E-02
     0.36771700429932E-02
     0.14165864065324E-01
     0.22883593826361E-01
     0.28897056840671E-01
     0.31889367846198E-01
     0.32148189395224E-01
     0.30446872652851E-01
     0.27831768554393E-01
     0.25340980844058E-01
     0.23699623173095E-01
     0.23057929075012E-01
     0.22849653654786E-01
     0.21837351003559E-01
     0.18372973472237E-01
     0.10842364059740E-01
    -0.18028261998275E-02
    -0.19569671576105E-01
    -0.41157845342744E-01
    -0.64016233526308E-01
    -0.84753701478110E-01
    -0.99832872015285E-01
    -0.10638422626942E+00
    -0.10292809133041E+00
    -0.89803242280451E-01
    -0.69172993108932E-01
    -0.44592881334855E-01
    -0.20244543038917E-01
    -0.31422945986887E-04
     0.13233856540760E-01
 
     0.49109739024509E-01
     0.54778701507216E-01
     0.48647239790515E-01
     0.34081917334621E-01
     0.15870163075256E-01
    -0.10430314973544E-02
    -0.12725242550269E-01
    -0.17038440291227E-01
    -0.13877569254502E-01
    -0.48803492878001E-02
     0.72346964106474E-02
     0.19470248632655E-01
     0.29266688895393E-01
     0.34978524684286E-01
     0.36056114071137E-01
     0.32967332474757E-01
     0.26944708420076E-01
     0.19649319249062E-01
     0.12817059832490E-01
     0.79205806386676E-02
     0.58637887494393E-02
     0.67343133665518E-02
     0.96640205931323E-02
     0.12866812686068E-01
     0.13913378689653E-01
     0.10252585313037E-01
    -0.92994137265968E-04
    -0.17816650935214E-01
    -0.41815324758879E-01
    -0.69078054008727E-01
    -0.95091331808893E-01
    -0.11473333690484E+00
    -0.12346959959698E+00
    -0.11854270611937E+00
    -0.99814745202135E-01
    -0.69993757411138E-01
    -0.34139066011020E-01
     0.14529494201665E-02
     0.30696565632494E-01
     0.49109739024509E-01
 
     0.10278160396715E+00
     0.10792593395076E+00
     0.97337046024626E-01
     0.75334370482752E-01
     0.48165153123601E-01
     0.22392255881626E-01
     0.33455709217755E-02
    -0.59658272465566E-02
    -0.52466456969865E-02
     0.34054367349296E-02
     0.16356698702216E-01
     0.29532980432780E-01
     0.39440077530321E-01
     0.43871302827181E-01
     0.42193794268068E-01
     0.35236299499182E-01
     0.24892153631085E-01
     0.13583028927108E-01
     0.37093808529617E-02
    -0.28313670451512E-02
    -0.50178742739144E-02
    -0.29443051712839E-02
     0.21060412977100E-02
     0.77978137922047E-02
     0.11129733196771E-01
     0.90651546230774E-02
    -0.67450488828222E-03
    -0.18821736272635E-01
    -0.44006750661660E-01
    -0.72653065357115E-01
    -0.99456805986018E-01
    -0.11842595153817E+00
    -0.12427602113723E+00
    -0.11383547683597E+00
    -0.87063218538355E-01
    -0.47351255697215E-01
    -0.96710905961302E-03
     0.44267716734589E-01
     0.80739487584651E-01
     0.10278160396715E+00
 
     0.16230601624149E+00
     0.16671799817325E+00
     0.15351208768552E+00
     0.12683304677346E+00
     0.92981383821992E-01
     0.58940940259516E-01
     0.30846759257593E-01
     0.12762396230967E-01
     0.60349857091384E-02
     0.93321601774337E-02
     0.19286979596782E-01
     0.31534872342250E-01
     0.41854696887141E-01
     0.47135130636333E-01
     0.45964329481422E-01
     0.38755130137588E-01
     0.27434885919796E-01
     0.14819552808707E-01
     0.38405915144558E-02
    -0.32000339476906E-02
    -0.51972350792590E-02
    -0.25278862331117E-02
     0.29980290490323E-02
     0.85165276540918E-02
     0.10759768019348E-01
     0.68645993931858E-02
    -0.48179150074901E-02
    -0.24094023266320E-01
    -0.48652422431795E-01
    -0.74262338892373E-01
    -0.95468135503241E-01
    -0.10668209314702E+00
    -0.10345883334714E+00
    -0.83656449251896E-01
    -0.48181244249980E-01
    -0.10881562034200E-02
     0.51044015569635E-01
     0.10036008127871E+00
     0.13932687291261E+00
     0.16230601624149E+00
 
     0.20302482135663E+00
     0.20773152954764E+00
     0.19707145617554E+00
     0.17325781268655E+00
     0.14035373801988E+00
     0.10365414329317E+00
     0.68784902601966E-01
     0.40665692428772E-01
     0.22555061560495E-01
     0.15417896425528E-01
     0.17804597761183E-01
     0.26310742106893E-01
     0.36525885086359E-01
     0.44229940449441E-01
     0.46507391901556E-01
     0.42458983276938E-01
     0.33301808889849E-01
     0.21831148453359E-01
     0.11414053886769E-01
     0.48314356865735E-02
     0.33330431616120E-02
     0.62015832560895E-02
     0.10960255112877E-01
     0.14155411274305E-01
     0.12468914152599E-01
     0.38191348661764E-02
    -0.11877179492795E-01
    -0.32497296531407E-01
    -0.54103679336457E-01
    -0.71807335783907E-01
    -0.80857773152139E-01
    -0.77677891308018E-01
    -0.60609081752910E-01
    -0.30234907522811E-01
     0.10730054230875E-01
     0.57904918189590E-01
     0.10593062240557E+00
     0.14924888157985E+00
     0.18286577884174E+00
     0.20302482135663E+00
 
     0.19397001708052E+00
     0.20130023192869E+00
     0.20148548589107E+00
     0.19266482049908E+00
     0.17378737727205E+00
     0.14567492204563E+00
     0.11149431481020E+00
     0.76335320473340E-01
     0.45952075704698E-01
     0.25083457756142E-01
     0.15970096540253E-01
     0.17645395232610E-01
     0.26303319438768E-01
     0.36640727616950E-01
     0.43695283944388E-01
     0.44501940902091E-01
     0.38953363315830E-01
     0.29552003546885E-01
     0.20168052479166E-01
     0.14302130501034E-01
     0.13543382601986E-01
     0.16836513617974E-01
     0.20854436653584E-01
     0.21339929742145E-01
     0.14899065810438E-01
     0.54952903776048E-03
    -0.19582382294404E-01
    -0.40697802068022E-01
    -0.56745454352892E-01
    -0.62307956600901E-01
    -0.54270780064892E-01
    -0.32688768780483E-01
    -0.58360701894434E-03
     0.37185066902061E-01
     0.75494385334018E-01
     0.11036237333452E+00
     0.13967807824321E+00
     0.16306268986659E+00
     0.18103915927705E+00
     0.19397001708052E+00
 
     0.10976244025897E+00
     0.12297738635519E+00
     0.14411847773488E+00
     0.16511378671396E+00
     0.17685230255684E+00
     0.17270941366010E+00
     0.15112396895032E+00
     0.11625343563388E+00
     0.76488257244512E-01
     0.41434230085169E-01
     0.18547498276486E-01
     0.10708850850727E-01
     0.15620724368958E-01
     0.27170601510166E-01
     0.38128354498386E-01
     0.43042359929035E-01
     0.40165504617888E-01
     0.31681644093393E-01
     0.22228710389646E-01
     0.16425802756399E-01
     0.16516582264081E-01
     0.21175974502352E-01
     0.26021193338077E-01
     0.25632268539282E-01
     0.16227382919652E-01
    -0.21698036990674E-02
    -0.25057270813208E-01
    -0.44667173237322E-01
    -0.52678834425798E-01
    -0.43406747164336E-01
    -0.16198599080911E-01
     0.23953628251036E-01
     0.67908234370542E-01
     0.10546896190563E+00
     0.12893335416656E+00
     0.13574530402975E+00
     0.12922857591711E+00
     0.11710927428491E+00
     0.10838797431447E+00
     0.10976244025897E+00
 
    -0.56698925538480E-01
    -0.34203890120717E-01
     0.17457668791062E-01
     0.82345647816397E-01
     0.14092412812150E+00
     0.17661915435943E+00
     0.18106376376491E+00
     0.15622624319576E+00
     0.11282658466414E+00
     0.65837080866236E-01
     0.28900431610616E-01
     0.97964912302763E-02
     0.85581728903056E-02
     0.18715351000321E-01
     0.30895471228497E-01
     0.37130505272915E-01
     0.34048472078649E-01
     0.23706406048522E-01
     0.11887715060369E-01
     0.47849913147383E-02
     0.56605204062239E-02
     0.13046682774948E-01
     0.21338716391120E-01
     0.23549443218735E-01
     0.15003024785613E-01
    -0.37296508984250E-02
    -0.26094168935604E-01
    -0.41557452394774E-01
    -0.39723130807373E-01
    -0.14962752424401E-01
     0.30371265544973E-01
     0.85633612188614E-01
     0.13486893977399E+00
     0.16217639761046E+00
     0.15753720722019E+00
     0.12089687850813E+00
     0.62858871509381E-01
     0.15702686682612E-02
    -0.43197886905755E-01
    -0.56698925538480E-01
 
    -0.28648975799039E+00
    -0.25223212983642E+00
    -0.16386192657769E+00
    -0.45914175938053E-01
     0.70506531728091E-01
     0.15752707686603E+00
     0.19867130371809E+00
     0.19268959431203E+00
     0.15202392569186E+00
     0.96860714639108E-01
     0.47258398762888E-01
     0.16362128288664E-01
     0.70774952449078E-02
     0.13069253481445E-01
     0.23206750554094E-01
     0.27292971958594E-01
     0.20577792652501E-01
     0.52590017247338E-02
    -0.11416631071026E-01
    -0.21337559958583E-01
    -0.19920253650707E-01
    -0.86070161608245E-02
     0.57313644554505E-02
     0.14253445366084E-01
     0.10888154742472E-01
    -0.38812346180440E-02
    -0.22110182915264E-01
    -0.31090453256908E-01
    -0.18800001810460E-01
     0.20050077210350E-01
     0.79984458566836E-01
     0.14473801686427E+00
     0.19172593057365E+00
     0.19969704033278E+00
     0.15687123767033E+00
     0.66468057380289E-01
    -0.52666739525958E-01
    -0.17090389844387E+00
    -0.25669666525245E+00
    -0.28648975799039E+00
 
    -0.53604089525707E+00
    -0.48943539837786E+00
    -0.36398739724444E+00
    -0.19231496850761E+00
    -0.16558550427537E-01
     0.12442847775591E+00
     0.20601366990568E+00
     0.22330110405791E+00
     0.18976763185232E+00
     0.13007850767578E+00
     0.70143166035782E-01
     0.28226940690757E-01
     0.10215666084639E-01
     0.10287014795476E-01
     0.16047612619694E-01
     0.15527096173904E-01
     0.29128879533928E-02
    -0.19294263155831E-01
    -0.42314187863624E-01
    -0.56048072232981E-01
    -0.54462340204852E-01
    -0.38792550051846E-01
    -0.17025400886153E-01
     0.13638145091597E-03
     0.49555424004252E-02
    -0.27335984351185E-02
    -0.14360489190433E-01
    -0.15818655482363E-01
     0.59853848695865E-02
     0.55867861940934E-01
     0.12560266929687E+00
     0.19411132632366E+00
     0.23320811576675E+00
     0.21725486332136E+00
     0.13334135857247E+00
    -0.11895026806462E-01
    -0.19170162841383E+00
    -0.36561609296630E+00
    -0.49101837619293E+00
    -0.53604089525707E+00
 
    -0.74826622882107E+00
    -0.69120859268402E+00
    -0.53531938854255E+00
    -0.31948251698879E+00
    -0.94540130393556E-01
     0.91839413257878E-01
     0.20828925334616E+00
     0.24665852708339E+00
     0.22088609432501E+00
     0.15893756435748E+00
     0.91282918473758E-01
     0.40345060131940E-01
     0.14593166880408E-01
     0.88673122477116E-02
     0.99807587758965E-02
     0.46710075581782E-02
    -0.13689999690208E-01
    -0.42369888033448E-01
    -0.71349157983715E-01
    -0.88850114900434E-01
    -0.87506927428270E-01
    -0.68184539186643E-01
    -0.39615363964343E-01
    -0.13997872094279E-01
    -0.61945630155527E-03
    -0.57904059236065E-03
    -0.53264426121058E-02
    -0.12295108822562E-03
     0.28678168295870E-01
     0.85494947071598E-01
     0.16018178270262E+00
     0.22831630658726E+00
     0.25782038056632E+00
     0.22005201161510E+00
     0.10149191539010E+00
    -0.88454786897931E-01
    -0.31689829791347E+00
    -0.53501026767670E+00
    -0.69158971034358E+00
    -0.74826622882107E+00
 
    -0.86996858961125E+00
    -0.80678076337109E+00
    -0.63348478634001E+00
    -0.39232580455153E+00
    -0.13898762648021E+00
     0.73809501260211E-01
     0.21070139195059E+00
     0.26146546096310E+00
     0.24012948982473E+00
     0.17648992056703E+00
     0.10371886363614E+00
     0.46827810425144E-01
     0.16006229234149E-01
     0.66480911399121E-02
     0.51485035610091E-02
    -0.26100518061952E-02
    -0.23935774099344E-01
    -0.56177158589015E-01
    -0.88717780538355E-01
    -0.10877016646946E+00
    -0.10800474623478E+00
    -0.86799102122134E-01
    -0.54081964537877E-01
    -0.22833998925248E-01
    -0.33704300454744E-02
     0.23442181319381E-02
     0.24277368543052E-02
     0.11615586195949E-01
     0.43696937848867E-01
     0.10295305758175E+00
     0.17848023575017E+00
     0.24442931700945E+00
     0.26697428170657E+00
     0.21607684213429E+00
     0.77942004089951E-01
    -0.13662306100997E+00
    -0.39157157110265E+00
    -0.63368172180679E+00
    -0.80713975406010E+00
    -0.86996858961125E+00
 
    -0.86922304064593E+00
    -0.80591935475824E+00
    -0.63226977895526E+00
    -0.39035955789884E+00
    -0.13596457604392E+00
     0.77861709462350E-01
     0.21530535027089E+00
     0.26576618263516E+00
     0.24314136069479E+00
     0.17742976739788E+00
     0.10229616935304E+00
     0.43374468425148E-01
     0.11387755732138E-01
     0.19827716472891E-02
     0.14369279512604E-02
    -0.48058431683814E-02
    -0.24642043915532E-01
    -0.55931527390894E-01
    -0.88298394536591E-01
    -0.10883987370825E+00
    -0.10881270980076E+00
    -0.88059728423575E-01
    -0.55081013324632E-01
    -0.22721720854938E-01
    -0.15269979951083E-02
     0.60154333471511E-02
     0.73966014576704E-02
     0.16855968713416E-01
     0.48006115774093E-01
     0.10534178473157E+00
     0.17848932058227E+00
     0.24225828150939E+00
     0.26338097784517E+00
     0.21209448664938E+00
     0.74527404956006E-01
    -0.13887528976730E+00
    -0.39254651427710E+00
    -0.63366292507110E+00
    -0.80658023139836E+00
    -0.86922304064593E+00
 
    -0.74613957163905E+00
    -0.68919735619522E+00
    -0.53273004543167E+00
    -0.31514543794209E+00
    -0.87526415564739E-01
     0.10153017602814E+00
     0.21939286193912E+00
     0.25684393945030E+00
     0.22744823185247E+00
     0.15973474132321E+00
     0.85554209489053E-01
     0.29074913651209E-01
     0.25893609658288E-03
    -0.53553720432986E-02
    -0.13033353193917E-02
    -0.21012141285720E-02
    -0.16050669893920E-01
    -0.41870423636308E-01
    -0.70220577704665E-01
    -0.88991375529309E-01
    -0.89636849155712E-01
    -0.71497164926626E-01
    -0.42080234126956E-01
    -0.13191613716301E-01
     0.52363159318669E-02
     0.10624804963215E-01
     0.97458502114556E-02
     0.15925107524719E-01
     0.42296188800863E-01
     0.93865266301561E-01
     0.16196972951487E+00
     0.22403483418812E+00
     0.24954802301965E+00
     0.21063550930490E+00
     0.93555303746892E-01
    -0.93313401119175E-01
    -0.31843314137696E+00
    -0.53409176336769E+00
    -0.68955069876861E+00
    -0.74613957163905E+00
 
    -0.53283850951163E+00
    -0.48782284368447E+00
    -0.36287185022178E+00
    -0.18982420240310E+00
    -0.11112680590641E-01
     0.13308305649882E+00
     0.21628711958630E+00
     0.23203151789553E+00
     0.19322558081739E+00
     0.12533618935476E+00
     0.56270043197059E-01
     0.68205369516448E-02
    -0.14975270177721E-01
    -0.13962230565967E-01
    -0.30984678266243E-02
     0.37522375019035E-02
    -0.17238351117835E-02
    -0.19182832667011E-01
    -0.40844887063596E-01
    -0.56101086918453E-01
    -0.57142567628426E-01
    -0.42913844945867E-01
    -0.19554533287784E-01
     0.28438726142990E-02
     0.15608996882555E-01
     0.16390191977862E-01
     0.11114919969843E-01
     0.11770296372649E-01
     0.30647795128522E-01
     0.73381021771525E-01
     0.13388060800744E+00
     0.19374560834151E+00
     0.22705766053059E+00
     0.20927846443893E+00
     0.12714794475746E+00
    -0.14215709190260E-01
    -0.19004168822182E+00
    -0.36148038131805E+00
    -0.48653971179921E+00
    -0.53283850951162E+00
 
    -0.28264571729144E+00
    -0.25308322246838E+00
    -0.16800206865775E+00
    -0.50881883789780E-01
     0.66961649935036E-01
     0.15621121532366E+00
     0.19830597652478E+00
     0.19018334785711E+00
     0.14359638722413E+00
     0.79595245094606E-01
     0.20461974416680E-01
    -0.17835807850937E-01
    -0.30013268731499E-01
    -0.21383605610017E-01
    -0.38306105930287E-02
     0.10175966712976E-01
     0.12935766302318E-01
     0.41263655338306E-02
    -0.10153148274547E-01
    -0.21159176168832E-01
    -0.22187448946751E-01
    -0.11949742759263E-01
     0.48987297711023E-02
     0.20286610633899E-01
     0.27096537124278E-01
     0.23285192341771E-01
     0.13704779221256E-01
     0.85451179636211E-02
     0.18809453297260E-01
     0.50626532569574E-01
     0.10088249146957E+00
     0.15630411948176E+00
     0.19683749109894E+00
     0.20243316170197E+00
     0.16086431007917E+00
     0.73586097469580E-01
    -0.42815676018220E-01
    -0.16050347950793E+00
    -0.24854448329935E+00
    -0.28264571729144E+00
 
    -0.52685987732188E-01
    -0.39491090096481E-01
     0.44847140290693E-02
     0.64585846376093E-01
     0.12128032973087E+00
     0.15673297778829E+00
     0.16061993714472E+00
     0.13314686332994E+00
     0.84303971389958E-01
     0.29796407569950E-01
    -0.14712011435763E-01
    -0.38860478105494E-01
    -0.40478229555696E-01
    -0.25218734906843E-01
    -0.33530491964981E-02
     0.14800446142490E-01
     0.22902017188303E-01
     0.20513752212345E-01
     0.12320355703471E-01
     0.52052806244548E-02
     0.46147684606054E-02
     0.11880962581919E-01
     0.23693345251134E-01
     0.33921723329361E-01
     0.36928736889538E-01
     0.30821510925333E-01
     0.19078322953227E-01
     0.96618743372812E-02
     0.11819774351571E-01
     0.31819912530426E-01
     0.69425969771557E-01
     0.11673243320968E+00
     0.16009759659650E+00
     0.18467464900091E+00
     0.17993995483147E+00
     0.14410826737196E+00
     0.85635522314229E-01
     0.21046817540607E-01
    -0.30295988815482E-01
    -0.52685987732188E-01
 
     0.11352197733012E+00
     0.11195543925839E+00
     0.12002593867919E+00
     0.13110691519812E+00
     0.13640625170776E+00
     0.12847856867001E+00
     0.10425937198066E+00
     0.66454922264331E-01
     0.22759813330013E-01
    -0.16787748387291E-01
    -0.43293405390281E-01
    -0.52011564570389E-01
    -0.43754776528434E-01
    -0.24234130070823E-01
    -0.16660848570763E-02
     0.16361757387389E-01
     0.25524298647038E-01
     0.25899131635739E-01
     0.21256977761661E-01
     0.16906776088455E-01
     0.17074969611524E-01
     0.22957823986848E-01
     0.32270437451454E-01
     0.40461967857845E-01
     0.43046841012853E-01
     0.38015466017482E-01
     0.27238001804097E-01
     0.16184351496256E-01
     0.11986752245118E-01
     0.20579666306118E-01
     0.44071539055030E-01
     0.79455439831854E-01
     0.11926049658495E+00
     0.15398005176138E+00
     0.17539142694908E+00
     0.17949856128795E+00
     0.16794350672157E+00
     0.14730891377631E+00
     0.12654912243619E+00
     0.11352197733012E+00
 
     0.19717084387536E+00
     0.18431457762483E+00
     0.16601367353197E+00
     0.14192732490643E+00
     0.11167861169482E+00
     0.75870127350218E-01
     0.36838348134305E-01
    -0.12842740224083E-02
    -0.33348014317797E-01
    -0.54592387784686E-01
    -0.62177092886067E-01
    -0.56238783173556E-01
    -0.40021642072659E-01
    -0.18966884436591E-01
     0.95600124035987E-03
     0.15092815888598E-01
     0.21458091219640E-01
     0.21108252339501E-01
     0.17411334756425E-01
     0.14508362016989E-01
     0.15568271410456E-01
     0.21513165498497E-01
     0.30703475944245E-01
     0.39695726424695E-01
     0.44765754931377E-01
     0.43591092919245E-01
     0.36423838710045E-01
     0.26283010468444E-01
     0.18074554374612E-01
     0.16959146484912E-01
     0.26572492581820E-01
     0.47751421498266E-01
     0.78216807534936E-01
     0.11329475498318E+00
     0.14736812229385E+00
     0.17549370791424E+00
     0.19459289448571E+00
     0.20382865241137E+00
     0.20412995520281E+00
     0.19717084387536E+00
 
     0.20550959691879E+00
     0.18574285832165E+00
     0.15220592856708E+00
     0.10861213761323E+00
     0.60022448751648E-01
     0.12148384203966E-01
    -0.29467169331563E-01
    -0.60294260123991E-01
    -0.77553716674108E-01
    -0.80697114056201E-01
    -0.71493877001162E-01
    -0.53655099298338E-01
    -0.32029552104161E-01
    -0.11527744252397E-01
     0.39746322797746E-02
     0.12469924222429E-01
     0.14155739270294E-01
     0.11172319576979E-01
     0.68079369508169E-02
     0.44017867603162E-02
     0.62715861428398E-02
     0.12991541223418E-01
     0.23242015556582E-01
     0.34276052926389E-01
     0.42855655666970E-01
     0.46364324440929E-01
     0.43748818423266E-01
     0.35998508983708E-01
     0.26015227505416E-01
     0.17911823248868E-01
     0.15944095261674E-01
     0.23377809928635E-01
     0.41595109444758E-01
     0.69659802969438E-01
     0.10442299629697E+00
     0.14110654506958E+00
     0.17419492561504E+00
     0.19842096447870E+00
     0.20964790602255E+00
     0.20550959691879E+00
 
     0.16405945054677E+00
     0.14171782889158E+00
     0.10317760526421E+00
     0.53972002022279E-01
     0.16254146589521E-02
    -0.45921668475038E-01
    -0.81947714550134E-01
    -0.10225299683887E+00
    -0.10583603446372E+00
    -0.94820924415354E-01
    -0.73706582632365E-01
    -0.48170055697843E-01
    -0.23743341764046E-01
    -0.46801652008479E-02
     0.67530652986343E-02
     0.10457256493373E-01
     0.81826001524380E-02
     0.28501896384280E-02
    -0.22924443985308E-02
    -0.44838155455008E-02
    -0.20679822993973E-02
     0.51808567831784E-02
     0.16066964118045E-01
     0.28295650516804E-01
     0.39042563837589E-01
     0.45663085418831E-01
     0.46405144303037E-01
     0.40972926679847E-01
     0.30796739455452E-01
     0.18904925570532E-01
     0.93697744845211E-02
     0.64012187057568E-02
     0.13266878569622E-01
     0.31293395626693E-01
     0.59222086925792E-01
     0.93134869506090E-01
     0.12703903373455E+00
     0.15403045697147E+00
     0.16779024734938E+00
     0.16405945054677E+00
 
     0.10389637298328E+00
     0.82571570587497E-01
     0.46703326027409E-01
     0.18105604001516E-02
    -0.44555964228392E-01
    -0.84538947759658E-01
    -0.11175914991391E+00
    -0.12268562556616E+00
    -0.11724722340308E+00
    -0.98567277434600E-01
    -0.71952940025767E-01
    -0.43465262317900E-01
    -0.18479990263732E-01
    -0.60586176301028E-03
     0.88168763719201E-02
     0.10603718381646E-01
     0.71339558122812E-02
     0.15146871778527E-02
    -0.32517494973303E-02
    -0.49106471705263E-02
    -0.23192455920173E-02
     0.44652745242898E-02
     0.14317204759832E-01
     0.25325156835274E-01
     0.35175950131012E-01
     0.41608819858016E-01
     0.42908178451618E-01
     0.38374975690328E-01
     0.28675571546806E-01
     0.15941408575458E-01
     0.35111418480054E-02
    -0.47179237122931E-02
    -0.52430027987216E-02
     0.39983422444099E-02
     0.22784525060358E-01
     0.48260775800479E-01
     0.75273024094753E-01
     0.97388508029655E-01
     0.10839446581967E+00
     0.10389637298328E+00
 
     0.49738363209345E-01
     0.31934084253895E-01
     0.32570054276508E-02
    -0.31971987446659E-01
    -0.67751041679600E-01
    -0.97768287805727E-01
    -0.11686620513985E+00
    -0.12220232035118E+00
    -0.11379994508004E+00
    -0.94364314286162E-01
    -0.68452704555000E-01
    -0.41263785087297E-01
    -0.17398128162765E-01
     0.82723452290989E-04
     0.10090364344498E-01
     0.13395920275286E-01
     0.12085501521976E-01
     0.88009139644651E-02
     0.59999749581952E-02
     0.54154838528162E-02
     0.77952994766101E-02
     0.12909457892800E-01
     0.19747363625101E-01
     0.26812390271182E-01
     0.32443734553334E-01
     0.35131760750788E-01
     0.33817085126476E-01
     0.28160363803630E-01
     0.18742822159529E-01
     0.71272195264573E-02
    -0.42983692286251E-02
    -0.12737156669810E-01
    -0.15627987615753E-01
    -0.11389937119330E-01
    -0.63363289917415E-04
     0.16376307768338E-01
     0.34197897935570E-01
     0.48623618173888E-01
     0.54940190927911E-01
     0.49738363209345E-01
 
     0.13540453293215E-01
     0.64383078097462E-03
    -0.19214786380857E-01
    -0.43368469354371E-01
    -0.67983681160304E-01
    -0.88851996455329E-01
    -0.10231299059589E+00
    -0.10606915923680E+00
    -0.99676201475328E-01
    -0.84580080784461E-01
    -0.63699555733773E-01
    -0.40679715774845E-01
    -0.19029002672639E-01
    -0.13732928715392E-02
     0.10988076246083E-01
     0.18139175144742E-01
     0.21248614039064E-01
     0.22042270971121E-01
     0.22222624143814E-01
     0.22999650917323E-01
     0.24840955333119E-01
     0.27468999910817E-01
     0.30059885663706E-01
     0.31553245972426E-01
     0.30974950424792E-01
     0.27697092629717E-01
     0.21596826644301E-01
     0.13108992172383E-01
     0.31854000135002E-02
    -0.68249742216328E-02
    -0.15367306747262E-01
    -0.20938324533514E-01
    -0.22392813742077E-01
    -0.19256932745016E-01
    -0.11977165192275E-01
    -0.20179585608228E-02
     0.82663980957289E-02
     0.16013514969772E-01
     0.18443881729692E-01
     0.13540453293215E-01
 
    -0.47074069243745E-02
    -0.12270000483210E-01
    -0.23865308440180E-01
    -0.38284714782679E-01
    -0.53629143362356E-01
    -0.67567954472670E-01
    -0.77743241001341E-01
    -0.82240387745515E-01
    -0.80008837068318E-01
    -0.71113936163568E-01
    -0.56737534832203E-01
    -0.38913127315901E-01
    -0.20059797709941E-01
    -0.24416693432130E-02
     0.12296230994770E-01
     0.23388455036959E-01
     0.30943391560765E-01
     0.35693036958433E-01
     0.38595566782269E-01
     0.40429499264457E-01
     0.41512497090134E-01
     0.41628329958662E-01
     0.40170784405655E-01
     0.36439994562305E-01
     0.29979698620874E-01
     0.20837673265067E-01
     0.96652670340668E-02
    -0.23692472352354E-02
    -0.13817349064274E-01
    -0.23258170616558E-01
    -0.29587438679654E-01
    -0.32216872329084E-01
    -0.31152246307213E-01
    -0.26958827805673E-01
    -0.20649465430958E-01
    -0.13535754690140E-01
    -0.70694537959217E-02
    -0.26809396047568E-02
    -0.16076414283528E-02
    -0.47074069243745E-02
 
    -0.10800625175716E-01
    -0.13360584528864E-01
    -0.18676549609562E-01
    -0.26339051823050E-01
    -0.35536367059046E-01
    -0.45032105918072E-01
    -0.53263789672560E-01
    -0.58581385526700E-01
    -0.59585569160596E-01
    -0.55473688696075E-01
    -0.46280301944580E-01
    -0.32920736636007E-01
    -0.17005521933766E-01
    -0.47022689621836E-03
     0.14869383903796E-01
     0.27698463000594E-01
     0.37402690569230E-01
     0.44032164889158E-01
     0.48058996381482E-01
     0.50030844824990E-01
     0.50257399311248E-01
     0.48650456363729E-01
     0.44777035903427E-01
     0.38102078353394E-01
     0.28323976172909E-01
     0.15669930950200E-01
     0.10320369776495E-02
    -0.14116893096972E-01
    -0.28008933159798E-01
    -0.38977896897731E-01
    -0.45840483971897E-01
    -0.48144796799292E-01
    -0.46220222817264E-01
    -0.41033327788287E-01
    -0.33917191474327E-01
    -0.26273529113022E-01
    -0.19338422560052E-01
    -0.14060627658684E-01
    -0.11086366082653E-01
    -0.10800625175717E-01
 
    -0.89635134495839E-02
    -0.74322571128516E-02
    -0.92818841241376E-02
    -0.14032849956554E-01
    -0.20818914242048E-01
    -0.28432585689268E-01
    -0.35430564753184E-01
    -0.40319791960749E-01
    -0.41811261396331E-01
    -0.39090005412818E-01
    -0.32023927353694E-01
    -0.21235899415909E-01
    -0.79966031225128E-02
     0.60492923893480E-02
     0.19253317940668E-01
     0.30321529320122E-01
     0.38550889232058E-01
     0.43871197959215E-01
     0.46685387132397E-01
     0.47571191023208E-01
     0.46956580401628E-01
     0.44891090281001E-01
     0.41000759074741E-01
     0.34647588057955E-01
     0.25239151014910E-01
     0.12577510677536E-01
    -0.28805757420018E-02
    -0.19951939806135E-01
    -0.36880326607076E-01
    -0.51676020551900E-01
    -0.62542405280509E-01
    -0.68264758993718E-01
    -0.68453689685355E-01
    -0.63586720181391E-01
    -0.54856492552599E-01
    -0.43889146230294E-01
    -0.32423444973040E-01
    -0.22034062761452E-01
    -0.13948510711567E-01
    -0.89635134495839E-02
 
     0.22919259487988E-02
     0.65913315588611E-02
     0.50643506524985E-02
    -0.93800855524172E-03
    -0.94092560291247E-02
    -0.18121061421653E-01
    -0.25039063363899E-01
    -0.28648853477960E-01
    -0.28151571473604E-01
    -0.23518842939949E-01
    -0.15419283223312E-01
    -0.50422643895474E-02
     0.61479670803806E-02
     0.16689389767227E-01
     0.25386800153299E-01
     0.31516624239629E-01
     0.34927527333484E-01
     0.36006552127855E-01
     0.35507610871723E-01
     0.34275157595757E-01
     0.32931024444436E-01
     0.31614069448215E-01
     0.29859644741629E-01
     0.26674864678501E-01
     0.20811768525794E-01
     0.11178373538295E-01
    -0.27230946940943E-02
    -0.20462771964250E-01
    -0.40568410589163E-01
    -0.60688180483647E-01
    -0.78012746197358E-01
    -0.89862031975473E-01
    -0.94290253589522E-01
    -0.90552028289104E-01
    -0.79306572641880E-01
    -0.62506034355310E-01
    -0.42997098009376E-01
    -0.23937609802976E-01
    -0.81717248538504E-02
     0.22919259487988E-02
 
     0.28721443677895E-01
     0.34285282260593E-01
     0.30202730243039E-01
     0.19163001749208E-01
     0.49960480293580E-02
    -0.83200729288995E-02
    -0.17572026514746E-01
    -0.20923997347032E-01
    -0.18118899828477E-01
    -0.10282286823643E-01
     0.55457851012153E-03
     0.12045125578667E-01
     0.22070838500215E-01
     0.29127524329911E-01
     0.32512003911503E-01
     0.32324497079120E-01
     0.29333205459350E-01
     0.24750888071559E-01
     0.19960335690512E-01
     0.16213674749873E-01
     0.14332117954207E-01
     0.14449537250369E-01
     0.15864084022932E-01
     0.17069064029849E-01
     0.16011936632896E-01
     0.10574909210662E-01
    -0.80534171474259E-03
    -0.18531644762069E-01
    -0.41441207366609E-01
    -0.66764921553653E-01
    -0.90529802240509E-01
    -0.10835721836450E+00
    -0.11648056412680E+00
    -0.11271808105817E+00
    -0.97123728122221E-01
    -0.72112095546363E-01
    -0.41994418747925E-01
    -0.12029824939286E-01
     0.12763296343262E-01
     0.28721443677895E-01
 
     0.74144671158480E-01
     0.79642295499762E-01
     0.71240542824456E-01
     0.52879126720498E-01
     0.30190839261553E-01
     0.90196915368687E-02
    -0.59719786561501E-02
    -0.12249914555379E-01
    -0.97103334819505E-02
    -0.34220782633939E-03
     0.12570750808599E-01
     0.25429944597099E-01
     0.35203853296778E-01
     0.40013328067534E-01
     0.39343743749436E-01
     0.33922859931957E-01
     0.25374798170782E-01
     0.15775540953600E-01
     0.72063071153328E-02
     0.13564626350982E-02
    -0.80375849102294E-03
     0.73678144541209E-03
     0.49157020240881E-02
     0.96686494638037E-02
     0.12244052421307E-01
     0.97731136360388E-02
     0.24281373071655E-04
    -0.17821771228770E-01
    -0.42603831085929E-01
    -0.71041862645278E-01
    -0.98165193068816E-01
    -0.11828873677404E+00
    -0.12634097318398E+00
    -0.11920718289113E+00
    -0.96703471583700E-01
    -0.61868522064890E-01
    -0.20438001111419E-01
     0.20399981202738E-01
     0.53654372675931E-01
     0.74144671158480E-01
 
     0.13309555923307E+00
     0.13782851021503E+00
     0.12550117666667E+00
     0.10052966761881E+00
     0.69423106556889E-01
     0.39164109929649E-01
     0.15603786177780E-01
     0.22752640742935E-02
    -0.11478498444717E-03
     0.65381801874663E-02
     0.18549628956491E-01
     0.31568434602132E-01
     0.41689539325708E-01
     0.46290879752492E-01
     0.44444123736937E-01
     0.36880959454570E-01
     0.25603508472789E-01
     0.13284383148474E-01
     0.26074318820207E-02
    -0.43286835564309E-02
    -0.64610508937619E-02
    -0.40147648062470E-02
     0.14786059807513E-02
     0.74195953263412E-02
     0.10636642487041E-01
     0.80942703118235E-02
    -0.22955423832994E-02
    -0.20932474017156E-01
    -0.46066157183115E-01
    -0.73800325213269E-01
    -0.98658950391707E-01
    -0.11466538470327E+00
    -0.11672458482565E+00
    -0.10197448717643E+00
    -0.70733834642218E-01
    -0.26745339914025E-01
     0.23415180570210E-01
     0.71666556309603E-01
     0.11017607534939E+00
     0.13309555923307E+00
 
     0.18692539520435E+00
     0.19127183868141E+00
     0.17848033601205E+00
     0.15198124108001E+00
     0.11728910967146E+00
     0.80857826495888E-01
     0.48776536208849E-01
     0.25591458274489E-01
     0.13509580293747E-01
     0.12150501391140E-01
     0.18883117839398E-01
     0.29645870581814E-01
     0.40037108114860E-01
     0.46403711215313E-01
     0.46665694559418E-01
     0.40688697162329E-01
     0.30135153829740E-01
     0.17857445691540E-01
     0.70086963855158E-02
     0.11155400448981E-03
    -0.16721542833866E-02
     0.11142195736152E-02
     0.63475180518080E-02
     0.10885195969138E-01
     0.11419740611898E-01
     0.54162807206536E-02
    -0.80961464810646E-02
    -0.28074877132901E-01
    -0.51473091257183E-01
    -0.73723691486249E-01
    -0.89607957478736E-01
    -0.94333779476968E-01
    -0.84599035706489E-01
    -0.59412396097812E-01
    -0.20487403889018E-01
     0.27891740672814E-01
     0.79528070494431E-01
     0.12737950785196E+00
     0.16483231319834E+00
     0.18692539520435E+00
 
     0.20659541342251E+00
     0.21225035451142E+00
     0.20581748932840E+00
     0.18775098345060E+00
     0.15993516599092E+00
     0.12580219561848E+00
     0.90022203140729E-01
     0.57715730743839E-01
     0.33341679990615E-01
     0.19584719351617E-01
     0.16625933708940E-01
     0.22092197067442E-01
     0.31765027494474E-01
     0.40863482037951E-01
     0.45498432271355E-01
     0.43814200277837E-01
     0.36426239453802E-01
     0.26002978500419E-01
     0.16141693664588E-01
     0.99418500035179E-02
     0.87900007518577E-02
     0.11795424665703E-01
     0.16081484595508E-01
     0.17829863917279E-01
     0.13706190518589E-01
     0.21635156038243E-02
    -0.15829709702025E-01
    -0.36880662054553E-01
    -0.56037015136865E-01
    -0.68120369148911E-01
    -0.69084019559006E-01
    -0.56976528553867E-01
    -0.32262618596382E-01
     0.25060305037978E-02
     0.43461058199766E-01
     0.86307424775981E-01
     0.12703644496217E+00
     0.16230237868030E+00
     0.18948408506454E+00
     0.20659541342251E+00
 
     0.16226067459490E+00
     0.17209430877907E+00
     0.18146327181366E+00
     0.18564966542882E+00
     0.17992043816885E+00
     0.16173304796265E+00
     0.13217561368557E+00
     0.96027291693238E-01
     0.60372667191713E-01
     0.32281394902849E-01
     0.16439873557939E-01
     0.13645066790582E-01
     0.20732492960704E-01
     0.31946366138891E-01
     0.41195533949362E-01
     0.44299479474615E-01
     0.40348767699244E-01
     0.31673924274622E-01
     0.22485576776123E-01
     0.16786843754450E-01
     0.16449396426654E-01
     0.20270529355907E-01
     0.24420361791018E-01
     0.24111349616756E-01
     0.15810474611081E-01
    -0.92404337365377E-03
    -0.22766356867731E-01
    -0.43437694820182E-01
    -0.55748657267244E-01
    -0.54109010826461E-01
    -0.36545844802418E-01
    -0.54509553704291E-02
     0.33232407203363E-01
     0.72068286210945E-01
     0.10463642007559E+00
     0.12752873713084E+00
     0.14108672415049E+00
     0.14864035688243E+00
     0.15460733786338E+00
     0.16226067459490E+00
 
     0.36275109999511E-01
     0.53737208804397E-01
     0.89087594337755E-01
     0.13047871753963E+00
     0.16382007140494E+00
     0.17776817054820E+00
     0.16758367113012E+00
     0.13648187848707E+00
     0.94079952236486E-01
     0.52645587393356E-01
     0.22650394973486E-01
     0.93255433697054E-02
     0.11449077052195E-01
     0.22666939187986E-01
     0.34642841330830E-01
     0.40647868410375E-01
     0.38102634031016E-01
     0.29094637452353E-01
     0.18786406998796E-01
     0.12529496662818E-01
     0.13032387997467E-01
     0.18879739204646E-01
     0.25092922007984E-01
     0.25515752062796E-01
     0.15987804416670E-01
    -0.31196410940480E-02
    -0.26211735458671E-01
    -0.44084353473215E-01
    -0.47335531851027E-01
    -0.30267555994006E-01
     0.63133892803725E-02
     0.54633528413368E-01
     0.10217723964560E+00
     0.13589557364236E+00
     0.14687208814865E+00
     0.13367734184586E+00
     0.10308741377097E+00
     0.67814016189148E-01
     0.42023835991416E-01
     0.36275109999511E-01
 
    -0.16591079294217E+00
    -0.13774611244865E+00
    -0.68186365393065E-01
     0.22549084133142E-01
     0.10918554208611E+00
     0.16957271847853E+00
     0.19138230828243E+00
     0.17507228647512E+00
     0.13230991445513E+00
     0.80732788797141E-01
     0.37212771756230E-01
     0.12196963202119E-01
     0.71112012554341E-02
     0.15494961036869E-01
     0.27037966239134E-01
     0.32607431608410E-01
     0.28103196433675E-01
     0.15621750089694E-01
     0.16499714554289E-02
    -0.66893789877805E-02
    -0.55027146975426E-02
     0.37324641213006E-02
     0.14773051765829E-01
     0.19726424151606E-01
     0.13272306085201E-01
    -0.39816403264852E-02
    -0.24690925130138E-01
    -0.37144345877598E-01
    -0.30066156048874E-01
     0.20304440088042E-02
     0.55216182688142E-01
     0.11598223982884E+00
     0.16498018033675E+00
     0.18354773550745E+00
     0.16070611997189E+00
     0.97974257622115E-01
     0.10030456291545E-01
    -0.79270090136927E-01
    -0.14429382195728E+00
    -0.16591079294217E+00
 
    -0.41223320171379E+00
    -0.37172668841160E+00
    -0.26443406850063E+00
    -0.11907919814516E+00
     0.27534547705302E-01
     0.14188798506807E+00
     0.20334180588170E+00
     0.20882807226510E+00
     0.17138850159156E+00
     0.11357220337575E+00
     0.58481874165249E-01
     0.21899526643916E-01
     0.82385364384513E-02
     0.11385320132999E-01
     0.19514957012547E-01
     0.21482481884477E-01
     0.11969026695875E-01
    -0.66836231602603E-02
    -0.26449353942794E-01
    -0.38209100499394E-01
    -0.36655989334713E-01
    -0.23151272994069E-01
    -0.51563422273876E-02
     0.75352423922069E-02
     0.80312816450074E-02
    -0.34530288707667E-02
    -0.18567737449048E-01
    -0.23805053825188E-01
    -0.65375071591950E-02
     0.38291657479176E-01
     0.10375457712958E+00
     0.17103321106143E+00
     0.21456617427339E+00
     0.21075734037466E+00
     0.14718616591946E+00
     0.28811508776458E-01
    -0.12143496426354E+00
    -0.26831036893198E+00
    -0.37452895294758E+00
    -0.41223320171379E+00
 
    -0.65045643135412E+00
    -0.59822665133474E+00
    -0.45629195226198E+00
    -0.26070685535350E+00
    -0.58360948293771E-01
     0.10710346263378E+00
     0.20741869426882E+00
     0.23595910437750E+00
     0.20649207700666E+00
     0.14550194691164E+00
     0.81379747529888E-01
     0.34631704831238E-01
     0.12516281109126E-01
     0.95402564297649E-02
     0.12860245867485E-01
     0.98019217590989E-02
    -0.58785552494065E-02
    -0.31539165085328E-01
    -0.57719434446623E-01
    -0.73418138761926E-01
    -0.71904372191202E-01
    -0.54246558007697E-01
    -0.28863508161714E-01
    -0.72753509893261E-02
     0.19642874220138E-02
    -0.17634405216206E-02
    -0.98308631002432E-02
    -0.77262505645664E-02
     0.17979192514643E-01
     0.71880115621177E-01
     0.14466205412626E+00
     0.21335690371189E+00
     0.24758564251269E+00
     0.22001698869497E+00
     0.11738257815133E+00
    -0.52165456921684E-01
    -0.25849945709232E+00
    -0.45655935291874E+00
    -0.59901890045016E+00
    -0.65045643135412E+00
 
    -0.82309917432347E+00
    -0.76230601287769E+00
    -0.59575934830336E+00
    -0.36443874904541E+00
    -0.12216368100411E+00
     0.80322563436734E-01
     0.20924637199440E+00
     0.25523204022276E+00
     0.23229744480388E+00
     0.16952003322937E+00
     0.98980698637032E-01
     0.44623444890959E-01
     0.15910111164212E-01
     0.79858596238069E-02
     0.74140399586229E-02
     0.45282178132060E-03
    -0.19877395683054E-01
    -0.50834042528045E-01
    -0.82001701711994E-01
    -0.10099568834648E+00
    -0.99908501357681E-01
    -0.79372061066484E-01
    -0.48293353469900E-01
    -0.19368461410876E-01
    -0.24858219843536E-02
     0.79377487927503E-03
    -0.11596479388517E-02
     0.64605986190755E-02
     0.37416786169011E-01
     0.96017291869216E-01
     0.17157898831108E+00
     0.23870897316604E+00
     0.26417048003256E+00
     0.21841519049960E+00
     0.87755309786139E-01
    -0.11749763111438E+00
    -0.36244567623205E+00
    -0.59549637986752E+00
    -0.76257670110348E+00
    -0.82309917432347E+00
 
    -0.88570303756512E+00
    -0.82164406083837E+00
    -0.64591939976938E+00
    -0.40114949955657E+00
    -0.14368134530699E+00
     0.72981816194605E-01
     0.21278387486402E+00
     0.26508616815543E+00
     0.24387379717139E+00
     0.17925336453537E+00
     0.10493183374095E+00
     0.46492256374385E-01
     0.14551590784924E-01
     0.46751512569682E-02
     0.31635550611854E-02
    -0.43737234511865E-02
    -0.25552804200057E-01
    -0.57924204963779E-01
    -0.90883750574529E-01
    -0.11146825773354E+00
    -0.11106556859952E+00
    -0.89786914719847E-01
    -0.56424297056902E-01
    -0.24009977129761E-01
    -0.30826931319834E-02
     0.40779776219242E-02
     0.52909750423881E-02
     0.15098543825915E-01
     0.47238294265232E-01
     0.10605425951295E+00
     0.18074795144774E+00
     0.24554006350717E+00
     0.26659614590143E+00
     0.21380770428805E+00
     0.73319988605990E-01
    -0.14401274481616E+00
    -0.40191609915643E+00
    -0.64675140042746E+00
    -0.82217359838939E+00
    -0.88570303756512E+00
