     0.00000     -9.68940     -7.24290     -1.39620     -1.39620      2.22780      3.58470      3.58470      7.56690
     0.02014     -9.69850     -7.23030     -1.39510     -1.39510      2.22870      3.58590      3.58590      7.56880
     0.04028     -9.72490     -7.19330     -1.39170     -1.39170      2.23150      3.58930      3.58930      7.57450
     0.06042     -9.76890     -7.13560     -1.38620     -1.38620      2.23540      3.59500      3.59500      7.58230
     0.08056     -9.82930     -7.05530     -1.37880     -1.37880      2.23990      3.60160      3.60160      7.59530
     0.10070     -9.89580     -6.95580     -1.36840     -1.36840      2.25660      3.61080      3.61080      7.61350
     0.12084     -9.97170     -6.84140     -1.35620     -1.35620      2.26650      3.62230      3.62230      7.63340
     0.14098    -10.05440     -6.71310     -1.34170     -1.34170      2.27810      3.63550      3.63550      7.65630
     0.16112    -10.14200     -6.57650     -1.32510     -1.32510      2.28270      3.65000      3.65000      7.68030
     0.18126    -10.23300     -6.42620     -1.30620     -1.30620      2.29790      3.66550      3.66550      7.70800
     0.20140    -10.32610     -6.26690     -1.28510     -1.28510      2.31480      3.68170      3.68170      7.73720
     0.22154    -10.42030     -6.09960     -1.26190     -1.26190      2.33340      3.69800      3.69800      7.76700
     0.24168    -10.51450     -5.92370     -1.23430     -1.23430      2.35630      3.71630      3.71630      7.79730
     0.26182    -10.60850     -5.74310     -1.20680     -1.20680      2.37820      3.73150      3.73150      7.82490
     0.28196    -10.70150     -5.55680     -1.17710     -1.17710      2.40160      3.74520      3.74520      7.84840
     0.30210    -10.79040     -5.36480     -1.14200     -1.14200      2.42840      3.75840      3.75840      7.86540
     0.32224    -10.88360     -5.16920     -1.10820     -1.10820      2.44950      3.76640      3.76640      7.87140
     0.34238    -10.97130     -4.96870     -1.07230     -1.07230      2.47710      3.77130      3.77130      7.86260
     0.36252    -11.05680     -4.76400     -1.03450     -1.03450      2.50590      3.77190      3.77190      7.83380
     0.38266    -11.13970     -4.55560     -0.99470     -0.99470      2.53580      3.76730      3.76730      7.78070
     0.40280    -11.22000     -4.34370     -0.95310     -0.95310      2.56670      3.75690      3.75690      7.70130
     0.42294    -11.29740     -4.12860     -0.90970     -0.90970      2.59850      3.74010      3.74010      7.59660
     0.44308    -11.36850     -3.90970     -0.86470     -0.86470      2.63110      3.71650      3.71650      7.46990
     0.46322    -11.44010     -3.68930     -0.81800     -0.81800      2.66370      3.68580      3.68580      7.32540
     0.48336    -11.50900     -3.46750     -0.76960     -0.76960      2.68290      3.64930      3.64930      7.17130
     0.50350    -11.57420     -3.24300     -0.72020     -0.72020      2.71530      3.60460      3.60460      7.00370
     0.52364    -11.63610     -3.01660     -0.66780     -0.66780      2.74980      3.55400      3.55400      6.84180
     0.54378    -11.69670     -2.79680     -0.61710     -0.61710      2.77590      3.49430      3.49430      6.66120
     0.56392    -11.75200     -2.56910     -0.56510     -0.56510      2.80470      3.43220      3.43220      6.47870
     0.58406    -11.79820     -2.34140     -0.50690     -0.50690      2.82860      3.36720      3.36720      6.30640
     0.60420    -11.84660     -2.11420     -0.45450     -0.45450      2.85130      3.29820      3.29820      6.12340
     0.62434    -11.89160     -1.89130     -0.40150     -0.40150      2.86810      3.22720      3.22720      5.95560
     0.64448    -11.93150     -1.66780     -0.34980     -0.34980      2.88160      3.15610      3.15610      5.78310
     0.66462    -11.96940     -1.44770     -0.29950     -0.29950      2.88840      3.08520      3.08520      5.61170
     0.68476    -12.00370     -1.23240     -0.25090     -0.25090      2.88770      3.01610      3.01610      5.44850
     0.70490    -12.03180     -1.01960     -0.20450     -0.20450      2.88170      2.94990      2.94990      5.30380
     0.72504    -12.05890     -0.81990     -0.16120     -0.16120      2.86370      2.88780      2.88780      5.16440
     0.74518    -12.08250     -0.63180     -0.12150     -0.12150      2.83100      2.83100      2.83680      5.04060
     0.76532    -12.10250     -0.45920     -0.08620     -0.08620      2.78060      2.78060      2.80250      4.93450
     0.78546    -12.11880     -0.30630     -0.05600     -0.05600      2.73770      2.73770      2.76340      4.84730
     0.80561    -12.13150     -0.17830     -0.03160     -0.03160      2.70320      2.70320      2.72400      4.77990
     0.82575    -12.14050     -0.08120     -0.01370     -0.01370      2.67790      2.67790      2.68960      4.73220
     0.84589    -12.14590     -0.02000     -0.00280     -0.00280      2.66240      2.66240      2.66590      4.70380
     0.86603    -12.15890     -0.00020     -0.00020     -0.00020      2.65470      2.65470      2.65470      4.69440
     0.86603    -12.15890     -0.00020     -0.00020     -0.00020      2.65470      2.65470      2.65470      4.69440
     0.88643    -12.14960     -0.01040     -0.00860     -0.00860      2.65290      2.66800      2.66800      4.70400
     0.90684    -12.14410     -0.04090     -0.03630     -0.03630      2.63970      2.70330      2.70330      4.73240
     0.92725    -12.13480     -0.09080     -0.08090     -0.08090      2.61780      2.76050      2.76050      4.77830
     0.94766    -12.12170     -0.15900     -0.14020     -0.14020      2.58760      2.83760      2.83760      4.83980
     0.96807    -12.10490     -0.24370     -0.21190     -0.21190      2.54980      2.93210      2.93210      4.91390
     0.98847    -12.08440     -0.34340     -0.29360     -0.29360      2.50500      3.04170      3.04170      4.99700
     1.00888    -12.05270     -0.45440     -0.38300     -0.38300      2.45420      3.16630      3.16630      5.08470
     1.02929    -12.02470     -0.57900     -0.47860     -0.47860      2.39770      3.29970      3.29970      5.17100
     1.04970    -11.99510     -0.71400     -0.57870     -0.57870      2.33640      3.44240      3.44240      5.23940
     1.07011    -11.95970     -0.85720     -0.68180     -0.68180      2.27140      3.59310      3.59310      5.29860
     1.09052    -11.92430     -1.00810     -0.79080     -0.79080      2.20230      3.75000      3.75000      5.31880
     1.11092    -11.88150     -1.16500     -0.89700     -0.89700      2.13170      3.91360      3.91360      5.31410
     1.13133    -11.83500     -1.32750     -1.00450     -1.00450      2.05910      4.08170      4.08170      5.23870
     1.15174    -11.78490     -1.49440     -1.11090     -1.11090      1.98540      4.25470      4.25470      5.15510
     1.17215    -11.73100     -1.66550     -1.21650     -1.21650      1.91110      4.43180      4.43180      5.03900
     1.19256    -11.67720     -1.82810     -1.32470     -1.32470      1.83630      4.61760      4.61760      4.90070
     1.21296    -11.61600     -2.00560     -1.42780     -1.42780      1.76210      4.74360      4.80130      4.80130
     1.23337    -11.54840     -2.17970     -1.52890     -1.52890      1.69270      4.57790      4.99010      4.99010
     1.25378    -11.48000     -2.36200     -1.62820     -1.62820      1.62020      4.40340      5.17900      5.17900
     1.27419    -11.40800     -2.54620     -1.72520     -1.72520      1.54910      4.22580      5.37010      5.37010
     1.29460    -11.33240     -2.73200     -1.81990     -1.81990      1.47970      4.04730      5.56320      5.56320
     1.31500    -11.25320     -2.91930     -1.91200     -1.91200      1.41220      3.86960      5.75820      5.75820
     1.33541    -11.17040     -3.10760     -2.00140     -2.00140      1.34680      3.69410      5.95480      5.95480
     1.35582    -11.07770     -3.28720     -2.08750     -2.08750      1.29650      3.52290      6.16290      6.16290
     1.37623    -10.98790     -3.47730     -2.17120     -2.17120      1.23600      3.35420      6.36220      6.36220
     1.39664    -10.89460     -3.66800     -2.25200     -2.25200      1.17840      3.18970      6.56290      6.56290
     1.41705    -10.80100     -3.86370     -2.33560     -2.33560      1.12250      3.02840      6.76460      6.76460
     1.43745    -10.70070     -4.05520     -2.41030     -2.41030      1.07090      2.87340      6.96760      6.96760
     1.45786    -10.59690     -4.24680     -2.48170     -2.48170      1.02240      2.72370      7.17160      7.17160
     1.47827    -10.48980     -4.43830     -2.54990     -2.54990      0.97740      2.57940      7.37650      7.37650
     1.49868    -10.38470     -4.62990     -2.61510     -2.61510      0.93450      2.43100      7.58210      7.58210
     1.51909    -10.26870     -4.82090     -2.67670     -2.67670      0.90100      2.29780      7.79010      7.79010
     1.53949    -10.15160     -5.01140     -2.73500     -2.73500      0.86650      2.17010      7.99740      7.99740
     1.55990    -10.03120     -5.20120     -2.78990     -2.78990      0.83590      2.04820      8.20540      8.20540
     1.58031     -9.91720     -5.39060     -2.84340     -2.84340      0.80840      1.93090      8.41370      8.41370
     1.60072     -9.79050     -5.57170     -2.89140     -2.89140      0.78550      1.82360      8.62330      8.62330
     1.62113     -9.66060     -5.75900     -2.93600     -2.93600      0.76670      1.71870      8.83240      8.83240
     1.64154     -9.52750     -5.94520     -2.97710     -2.97710      0.75200      1.61940      9.04140      9.04140
     1.66194     -9.39140     -6.13010     -3.01460     -3.01460      0.74160      1.52580      9.25010      9.25010
     1.68235     -9.25220     -6.31370     -3.04870     -3.04870      0.73540      1.43780      9.45780      9.45780
     1.70276     -9.11000     -6.49070     -3.07830     -3.07830      0.73470      1.35550      9.66680      9.66680
     1.72317     -8.96490     -6.67110     -3.10520     -3.10520      0.73730      1.27850      9.87000      9.87000
     1.74358     -8.81640     -6.84700     -3.12850     -3.12850      0.74690      1.20760     10.06940     10.06940
     1.76398     -8.66560     -7.02380     -3.14830     -3.14830      0.75850      1.14130     10.26110     10.26110
     1.78439     -8.51200     -7.19880     -3.16450     -3.16450      0.77470      1.08040     10.44150     10.44150
     1.80480     -8.35570     -7.36580     -3.17670     -3.17670      0.79590      1.02600     10.60820     10.60820
     1.82521     -8.19680     -7.53650     -3.18570     -3.18570      0.82380      0.97550     10.74180     10.74180
     1.84562     -8.03530     -7.70510     -3.19110     -3.19110      0.85430      0.93010     10.83240     10.83240
     1.86603     -7.87150     -7.87140     -3.19290     -3.19290      0.88970      0.88970     10.86500     10.86500
     1.86603     -7.87150     -7.87140     -3.19290     -3.19290      0.88970      0.88970     10.86500     10.86500
     1.88623     -7.87190     -7.86950     -3.20520     -3.19130      0.89150      0.90820     10.84380     10.85340
     1.90643     -7.87350     -7.86360     -3.24140     -3.18670      0.89670      0.96280     10.78220     10.81940
     1.92663     -7.87810     -7.85800     -3.30150     -3.17900      0.90340      1.05160     10.68460     10.76200
     1.94684     -7.88200     -7.84430     -3.37810     -3.16820      0.91560      1.17150     10.55880     10.68820
     1.96704     -7.88860     -7.82830     -3.47020     -3.15420      0.93050      1.31910     10.41070     10.59580
     1.98724     -7.89300     -7.80670     -3.57070     -3.13720      0.94960      1.49250     10.24600     10.49180
     2.00745     -7.90230     -7.78120     -3.68180     -3.11710      0.97210      1.68600     10.06920     10.37590
     2.02765     -7.91580     -7.75180     -3.79820     -3.09400      0.99810      1.89740      9.88080     10.25060
     2.04785     -7.93330     -7.72180     -3.91550     -3.06990      1.02730      2.12320      9.68740     10.11770
     2.06806     -7.95190     -7.68460     -4.03200     -3.04080      1.06000      2.36460      9.49200      9.97900
     2.08826     -7.97020     -7.63930     -4.14390     -3.00840      1.09800      2.61860      9.29430      9.84390
     2.10846     -7.99900     -7.59440     -4.25260     -2.97350      1.13720      2.88110      9.09520      9.69610
     2.12867     -8.03160     -7.54550     -4.35450     -2.93570      1.17990      3.15440      8.89590      9.54720
     2.14887     -8.07010     -7.49270     -4.44830     -2.89510      1.22580      3.43640      8.69690      9.39670
     2.16907     -8.11500     -7.43600     -4.53280     -2.85170      1.27500      3.72580      8.49870      9.24520
     2.18927     -8.16650     -7.37540     -4.60690     -2.80560      1.32730      4.02160      8.30210      9.09370
     2.20948     -8.22280     -7.31020     -4.66970     -2.75590      1.38280      4.32380      8.10710      8.94510
     2.22968     -8.28820     -7.24000     -4.72120     -2.70440      1.44240      4.63060      7.91420      8.79890
     2.24988     -8.36070     -7.16780     -4.76080     -2.65050      1.50390      4.94180      7.72350      8.64920
     2.27009     -8.43880     -7.09100     -4.78830     -2.59420      1.56890      5.25760      7.53540      8.50310
     2.29029     -8.51970     -7.01070     -4.80380     -2.53540      1.63630      5.57590      7.34980      8.35690
     2.31049     -8.61080     -6.93510     -4.80880     -2.47500      1.70260      5.89080      7.16680      8.21220
     2.33070     -8.70710     -6.84760     -4.80250     -2.41190      1.77510      6.19950      6.98710      8.07020
     2.35090     -8.80790     -6.75620     -4.78580     -2.34660      1.85010      6.49050      6.81040      7.93070
     2.37110     -8.91250     -6.66100     -4.75910     -2.27950      1.92740      6.63690      6.73270      7.79410
     2.39130     -9.02030     -6.56190     -4.72320     -2.21040      2.00700      6.46650      6.85960      7.66060
     2.41151     -9.13050     -6.45910     -4.67850     -2.13970      2.08850      6.29960      6.83930      7.53050
     2.43171     -9.24920     -6.35560     -4.62960     -2.06770      2.17040      6.12750      6.73520      7.40190
     2.45191     -9.36250     -6.24510     -4.56930     -1.99390      2.25540      5.96720      6.60000      7.27910
     2.47212     -9.47340     -6.12760     -4.50170     -1.91390      2.34190      5.81090      6.45520      7.16880
     2.49232     -9.58770     -6.01930     -4.42770     -1.83800      2.42360      5.65760      6.30090      7.05350
     2.51252     -9.70350     -5.89940     -4.34730     -1.76110      2.50830      5.50800      6.14600      6.94260
     2.53273     -9.81710     -5.77420     -4.26100     -1.68350      2.59650      5.36200      5.99670      6.83830
     2.55293     -9.92970     -5.64550     -4.16920     -1.60550      2.68430      5.21970      5.84960      6.73950
     2.57313    -10.04120     -5.51300     -4.07220     -1.52710      2.77170      5.08090      5.70500      6.64640
     2.59334    -10.15120     -5.37690     -3.97020     -1.44860      2.85770      4.94590      5.56340      6.55960
     2.61354    -10.25670     -5.23650     -3.86380     -1.36950      2.94230      4.81470      5.42640      6.48470
     2.63374    -10.36310     -5.09330     -3.75290     -1.29170      3.02400      4.68710      5.29100      6.41180
     2.65394    -10.46720     -4.95070     -3.63850     -1.21530      3.10050      4.56160      5.15560      6.34620
     2.67415    -10.56910     -4.80050     -3.51970     -1.13910      3.17480      4.44160      5.02690      6.28930
     2.69435    -10.66170     -4.64380     -3.39630     -1.06140      3.24440      4.32790      4.90270      6.24240
     2.71455    -10.75860     -4.48690     -3.27050     -0.98780      3.30790      4.21560      4.78060      6.20330
     2.73476    -10.85800     -4.33110     -3.14460     -0.91630      3.36150      4.10420      4.65400      6.17220
     2.75496    -10.94930     -4.16770     -3.01280     -0.84630      3.41090      3.99960      4.53840      6.15180
     2.77516    -11.03770     -4.00110     -2.87840     -0.77840      3.45260      3.89880      4.42610      6.14050
     2.79537    -11.12310     -3.82940     -2.73920     -0.70980      3.49130      3.80280      4.31700      6.14410
     2.81557    -11.20320     -3.65640     -2.59980     -0.64690      3.51640      3.70970      4.21150      6.14830
     2.83577    -11.28290     -3.48110     -2.45900     -0.58680      3.53310      3.62070      4.10670      6.15770
     2.85597    -11.36030     -3.30490     -2.31740     -0.53030      3.53360      3.54130      4.00660      6.17000
     2.87618    -11.43310     -3.12420     -2.17350     -0.47600      3.45220      3.54240      3.90950      6.18200
     2.89638    -11.50250     -2.94120     -2.02870     -0.42490      3.37490      3.53650      3.81530      6.18990
     2.91658    -11.56860     -2.75600     -1.88330     -0.37690      3.30140      3.52400      3.72390      6.18900
     2.93679    -11.63200     -2.57530     -1.73820     -0.33240      3.23150      3.49740      3.62660      6.17430
     2.95699    -11.69130     -2.38660     -1.59300     -0.29080      3.16590      3.47350      3.54040      6.14140
     2.97719    -11.74710     -2.19670     -1.44870     -0.25250      3.10430      3.44460      3.45680      6.08640
     2.99740    -11.80090     -2.00840     -1.30510     -0.21600      3.04680      3.37320      3.40940      6.01680
     3.01760    -11.84590     -1.81660     -1.16170     -0.18190      2.99360      3.29460      3.37350      5.92490
     3.03780    -11.89120     -1.62600     -1.02370     -0.15290      2.94390      3.21860      3.32980      5.80520
     3.05801    -11.93300     -1.43890     -0.88900     -0.12620      2.89810      3.14500      3.27950      5.68230
     3.07821    -11.96730     -1.25030     -0.75690     -0.10190      2.85640      3.07480      3.22750      5.55260
     3.09841    -12.00190     -1.06610     -0.63260     -0.08140      2.81860      3.00750      3.16790      5.41050
     3.11861    -12.03100     -0.88570     -0.51310     -0.06330      2.78470      2.94420      3.10460      5.27780
     3.13882    -12.05840     -0.71340     -0.40400     -0.04780      2.75480      2.88470      3.03500      5.14850
     3.15902    -12.08210     -0.55060     -0.30450     -0.03450      2.72890      2.83000      2.96220      5.03160
     3.17922    -12.10220     -0.40080     -0.21640     -0.02350      2.70700      2.78110      2.88860      4.93010
     3.19943    -12.11860     -0.26770     -0.14110     -0.01460      2.68910      2.73880      2.81750      4.84570
     3.21963    -12.13140     -0.15610     -0.08040     -0.00770      2.67510      2.70440      2.75370      4.77960
     3.23983    -12.14050     -0.07100     -0.03570     -0.00290      2.66510      2.67870      2.70240      4.73220
     3.26004    -12.14590     -0.01750     -0.00830      0.00000      2.65920      2.66280      2.66890      4.70380
     3.28024    -12.15890     -0.00020     -0.00020     -0.00020      2.65470      2.65470      2.65470      4.69440
