   0.50000    0.50000    0.50000    0.00606
   0.48837    0.48837    0.48837    0.00606
   0.47674    0.47674    0.47674    0.00606
   0.46512    0.46512    0.46512    0.00606
   0.45349    0.45349    0.45349    0.00606
   0.44186    0.44186    0.44186    0.00606
   0.43023    0.43023    0.43023    0.00606
   0.41860    0.41860    0.41860    0.00606
   0.40698    0.40698    0.40698    0.00606
   0.39535    0.39535    0.39535    0.00606
   0.38372    0.38372    0.38372    0.00606
   0.37209    0.37209    0.37209    0.00606
   0.36047    0.36047    0.36047    0.00606
   0.34884    0.34884    0.34884    0.00606
   0.33721    0.33721    0.33721    0.00606
   0.32558    0.32558    0.32558    0.00606
   0.31395    0.31395    0.31395    0.00606
   0.30233    0.30233    0.30233    0.00606
   0.29070    0.29070    0.29070    0.00606
   0.27907    0.27907    0.27907    0.00606
   0.26744    0.26744    0.26744    0.00606
   0.25581    0.25581    0.25581    0.00606
   0.24419    0.24419    0.24419    0.00606
   0.23256    0.23256    0.23256    0.00606
   0.22093    0.22093    0.22093    0.00606
   0.20930    0.20930    0.20930    0.00606
   0.19767    0.19767    0.19767    0.00606
   0.18605    0.18605    0.18605    0.00606
   0.17442    0.17442    0.17442    0.00606
   0.16279    0.16279    0.16279    0.00606
   0.15116    0.15116    0.15116    0.00606
   0.13953    0.13953    0.13953    0.00606
   0.12791    0.12791    0.12791    0.00606
   0.11628    0.11628    0.11628    0.00606
   0.10465    0.10465    0.10465    0.00606
   0.09302    0.09302    0.09302    0.00606
   0.08140    0.08140    0.08140    0.00606
   0.06977    0.06977    0.06977    0.00606
   0.05814    0.05814    0.05814    0.00606
   0.04651    0.04651    0.04651    0.00606
   0.03488    0.03488    0.03488    0.00606
   0.02326    0.02326    0.02326    0.00606
   0.01163    0.01163    0.01163    0.00606
   0.00000    0.00000    0.00000    0.00606
   0.00000    0.00000    0.02041    0.00606
   0.00000    0.00000    0.04082    0.00606
   0.00000    0.00000    0.06122    0.00606
   0.00000    0.00000    0.08163    0.00606
   0.00000    0.00000    0.10204    0.00606
   0.00000    0.00000    0.12245    0.00606
   0.00000    0.00000    0.14286    0.00606
   0.00000    0.00000    0.16327    0.00606
   0.00000    0.00000    0.18367    0.00606
   0.00000    0.00000    0.20408    0.00606
   0.00000    0.00000    0.22449    0.00606
   0.00000    0.00000    0.24490    0.00606
   0.00000    0.00000    0.26531    0.00606
   0.00000    0.00000    0.28571    0.00606
   0.00000    0.00000    0.30612    0.00606
   0.00000    0.00000    0.32653    0.00606
   0.00000    0.00000    0.34694    0.00606
   0.00000    0.00000    0.36735    0.00606
   0.00000    0.00000    0.38776    0.00606
   0.00000    0.00000    0.40816    0.00606
   0.00000    0.00000    0.42857    0.00606
   0.00000    0.00000    0.44898    0.00606
   0.00000    0.00000    0.46939    0.00606
   0.00000    0.00000    0.48980    0.00606
   0.00000    0.00000    0.51020    0.00606
   0.00000    0.00000    0.53061    0.00606
   0.00000    0.00000    0.55102    0.00606
   0.00000    0.00000    0.57143    0.00606
   0.00000    0.00000    0.59184    0.00606
   0.00000    0.00000    0.61224    0.00606
   0.00000    0.00000    0.63265    0.00606
   0.00000    0.00000    0.65306    0.00606
   0.00000    0.00000    0.67347    0.00606
   0.00000    0.00000    0.69388    0.00606
   0.00000    0.00000    0.71429    0.00606
   0.00000    0.00000    0.73469    0.00606
   0.00000    0.00000    0.75510    0.00606
   0.00000    0.00000    0.77551    0.00606
   0.00000    0.00000    0.79592    0.00606
   0.00000    0.00000    0.81633    0.00606
   0.00000    0.00000    0.83673    0.00606
   0.00000    0.00000    0.85714    0.00606
   0.00000    0.00000    0.87755    0.00606
   0.00000    0.00000    0.89796    0.00606
   0.00000    0.00000    0.91837    0.00606
   0.00000    0.00000    0.93878    0.00606
   0.00000    0.00000    0.95918    0.00606
   0.00000    0.00000    0.97959    0.00606
   0.00000    0.00000    1.00000    0.00606
   0.01429    0.01429    1.00000    0.00606
   0.02857    0.02857    1.00000    0.00606
   0.04286    0.04286    1.00000    0.00606
   0.05714    0.05714    1.00000    0.00606
   0.07143    0.07143    1.00000    0.00606
   0.08571    0.08571    1.00000    0.00606
   0.10000    0.10000    1.00000    0.00606
   0.11429    0.11429    1.00000    0.00606
   0.12857    0.12857    1.00000    0.00606
   0.14286    0.14286    1.00000    0.00606
   0.15714    0.15714    1.00000    0.00606
   0.17143    0.17143    1.00000    0.00606
   0.18571    0.18571    1.00000    0.00606
   0.20000    0.20000    1.00000    0.00606
   0.21429    0.21429    1.00000    0.00606
   0.22857    0.22857    1.00000    0.00606
   0.24286    0.24286    1.00000    0.00606
   0.25714    0.25714    1.00000    0.00606
   0.27143    0.27143    1.00000    0.00606
   0.28571    0.28571    1.00000    0.00606
   0.30000    0.30000    1.00000    0.00606
   0.31429    0.31429    1.00000    0.00606
   0.32857    0.32857    1.00000    0.00606
   0.34286    0.34286    1.00000    0.00606
   0.35714    0.35714    1.00000    0.00606
   0.37143    0.37143    1.00000    0.00606
   0.38571    0.38571    1.00000    0.00606
   0.40000    0.40000    1.00000    0.00606
   0.41429    0.41429    1.00000    0.00606
   0.42857    0.42857    1.00000    0.00606
   0.44286    0.44286    1.00000    0.00606
   0.45714    0.45714    1.00000    0.00606
   0.47143    0.47143    1.00000    0.00606
   0.48571    0.48571    1.00000    0.00606
   0.50000    0.50000    1.00000    0.00606
   0.51429    0.51429    1.00000    0.00606
   0.52857    0.52857    1.00000    0.00606
   0.54286    0.54286    1.00000    0.00606
   0.55714    0.55714    1.00000    0.00606
   0.57143    0.57143    1.00000    0.00606
   0.58571    0.58571    1.00000    0.00606
   0.60000    0.60000    1.00000    0.00606
   0.61429    0.61429    1.00000    0.00606
   0.62857    0.62857    1.00000    0.00606
   0.64286    0.64286    1.00000    0.00606
   0.65714    0.65714    1.00000    0.00606
   0.67143    0.67143    1.00000    0.00606
   0.68571    0.68571    1.00000    0.00606
   0.70000    0.70000    1.00000    0.00606
   0.71429    0.71429    1.00000    0.00606
   0.72857    0.72857    1.00000    0.00606
   0.74286    0.74286    1.00000    0.00606
   0.75714    0.75714    1.00000    0.00606
   0.77143    0.77143    1.00000    0.00606
   0.78571    0.78571    1.00000    0.00606
   0.80000    0.80000    1.00000    0.00606
   0.81429    0.81429    1.00000    0.00606
   0.82857    0.82857    1.00000    0.00606
   0.84286    0.84286    1.00000    0.00606
   0.85714    0.85714    1.00000    0.00606
   0.87143    0.87143    1.00000    0.00606
   0.88571    0.88571    1.00000    0.00606
   0.90000    0.90000    1.00000    0.00606
   0.91429    0.91429    1.00000    0.00606
   0.92857    0.92857    1.00000    0.00606
   0.94286    0.94286    1.00000    0.00606
   0.95714    0.95714    1.00000    0.00606
   0.97143    0.97143    1.00000    0.00606
   0.98571    0.98571    1.00000    0.00606
   1.00000    1.00000    1.00000    0.00606
