Screened Coulomb for the full mesh.
 &inputgw
  prefix='si',
  amass(1) = 28.09,
  outdir='./tmp',
  fpol=.true.
  ldisp=.true.
  lrpa=.true.
  nq1 = 5
  nq2 = 5
  nq3 = 5
  tr2_gw=1.0d-5,
  tr2_green=1.0d-5
  kpoints = .true.
  use_symm   = .true.
  modielec   = .false.
  w_of_q_start   = 1
  do_q0_only     = .false.
  do_imag        = .false.
  solve_direct   = .true.
  do_coulomb     = .true.
  do_green       = .true.
  do_sigma_c     = .true.
  multishift     = .true.
  do_sigma_exx   = .true.
  do_sigma_matel = .true.
  maxter_green   = 150
  ecutsex     = 15.0
  ecutsco     = 2.5
  wsigmamin   =-40.0
  wsigmamax   = 15.0
  deltaw      = 0.1
  eta         = 0.02
  wcoulmax    = 40
  nbnd_sig    = 8
  godbyneeds  =.false.
  padecont    =.true.
  nmix_gw     = 4
 /
FREQUENCIES
101
0.0000  0.0000
0.0000  0.2500
0.0000  0.5000
0.0000  0.7500
0.0000  1.0000
0.0000  1.2500
0.0000  1.5000
0.0000  1.7500
0.0000  2.0000
0.0000  2.2500
0.0000  2.5000
0.0000  2.7500
0.0000  3.0000
0.0000  3.2500
0.0000  3.5000
0.0000  3.7500
0.0000  4.0000
0.0000  4.2500
0.0000  4.5000
0.0000  4.7500
0.0000  5.0000
0.0000  5.2500
0.0000  5.5000
0.0000  5.7500
0.0000  6.0000
0.0000  6.2500
0.0000  6.5000
0.0000  6.7500
0.0000  7.0000
0.0000  7.2500
0.0000  7.5000
0.0000  7.7500
0.0000  8.0000
0.0000  8.2500
0.0000  8.5000
0.0000  8.7500
0.0000  9.0000
0.0000  9.2500
0.0000  9.5000
0.0000  9.7500
0.0000  10.0000
0.0000  10.2500
0.0000  10.5000
0.0000  10.7500
0.0000  11.0000
0.0000  11.2500
0.0000  11.5000
0.0000  11.7500
0.0000  12.0000
0.0000  12.2500
0.0000  12.5000
0.0000  12.7500
0.0000  13.0000
0.0000  13.2500
0.0000  13.5000
0.0000  13.7500
0.0000  14.0000
0.0000  14.2500
0.0000  14.5000
0.0000  14.7500
0.0000  15.0000
0.0000  15.2500
0.0000  15.5000
0.0000  15.7500
0.0000  16.0000
0.0000  16.2500
0.0000  16.5000
0.0000  16.7500
0.0000  17.0000
0.0000  17.2500
0.0000  17.5000
0.0000  17.7500
0.0000  18.0000
0.0000  18.2500
0.0000  18.5000
0.0000  18.7500
0.0000  19.0000
0.0000  19.2500
0.0000  19.5000
0.0000  19.7500
0.0000  20.0000
0.0000  20.2500
0.0000  20.5000
0.0000  20.7500
0.0000  21.0000
0.0000  21.2500
0.0000  21.5000
0.0000  21.7500
0.0000  22.0000
0.0000  22.2500
0.0000  22.5000
0.0000  22.7500
0.0000  23.0000
0.0000  23.2500
0.0000  23.5000
0.0000  23.7500
0.0000  24.0000
0.0000  24.2500
0.0000  24.5000
0.0000  24.7500
0.0000  25.0000
/
K_points
1
0.0  0.0  0.0
/

